-29164
-29145
-29136
-29148
-29116
-29100
-29100
-29056
-29055
-29044
-29047
-29020
-29010
-28973
-28963
-28962
-28945
-28916
-28902
-28886
-28879
-28850
-28844
-28813
-28803
-28782
-28785
-28774
-28766
-28753
-28739
-28722
-28691
-28688
-28691
-28646
-28643
-28627
-28614
-28574
-28560
-28567
-28523
-28516
-28505
-28496
-28490
-28475
-28455
-28428
-28427
-28408
-28419
-28374
-28367
-28365
-28343
-28329
-28304
-28300
-28268
-28245
-28249
-28227
-28213
-28200
-28179
-28162
-28145
-28144
-28104
-28104
-28089
-28080
-28057
-28023
-28035
-28026
-28020
-27998
-27965
-27970
-27944
-27935
-27914
-27895
-27893
-27868
-27830
-27825
-27795
-27788
-27777
-27785
-27760
-27740
-27735
-27705
-27709
-27688
-27659
-27656
-27654
-27631
-27603
-27607
-27575
-27570
-27544
-27526
-27525
-27499
-27477
-27461
-27460
-27430
-27398
-27392
-27389
-27366
-27354
-27350
-27334
-27308
-27283
-27297
-27265
-27240
-27234
-27224
-27204
-27178
-27184
-27177
-27137
-27142
-27111
-27106
-27075
-27066
-27037
-27047
-27011
-27011
-26974
-26978
-26948
-26959
-26947
-26921
-26910
-26899
-26868
-26844
-26848
-26829
-26819
-26811
-26788
-26765
-26737
-26747
-26716
-26698
-26686
-26678
-26639
-26643
-26617
-26610
-26589
-26582
-26559
-26545
-26536
-26491
-26502
-26493
-26473
-26475
-26446
-26444
-26416
-26414
-26380
-26371
-26346
-26334
-26304
-26304
-26291
-26269
-26246
-26239
-26222
-26201
-26183
-26171
-26174
-26161
-26122
-26123
-26105
-26089
-26084
-26073
-26056
-26043
-26014
-26012
-25990
-25976
-25941
-25956
-25917
-25893
-25893
-25873
-25875
-25841
-25808
-25804
-25801
-25799
-25768
-25764
-25724
-25712
-25725
-25708
-25676
-25673
-25659
-25647
-25626
-25612
-25596
-25573
-25569
-25532
-25534
-25505
-25491
-25471
-25467
-25455
-25432
-25422
-25407
-25381
-25367
-25365
-25355
-25345
-25324
-25304
-25289
-25269
-25258
-25243
-25218
-25209
-25197
-25191
-25160
-25144
-25130
-25106
-25102
-25069
-25062
-25055
-25045
-25021
-25016
-24997
-24969
-24967
-24949
-24944
-24923
-24927
-24897
-24875
-24842
-24845
-24824
-24820
-24791
-24785
-24779
-24747
-24728
-24702
-24715
-24684
-24671
-24659
-24649
-24639
-24604
-24609
-24604
-24573
-24556
-24546
-24534
-24513
-24500
-24489
-24478
-24459
-24431
-24418
-24414
-24387
-24364
-24365
-24337
-24310
-24295
-24296
-24284
-24278
-24252
-24230
-24218
-24205
-24209
-24186
-24169
-24147
-24122
-24127
-24101
-24081
-24075
-24056
-24030
-24028
-23997
-23996
-23984
-23957
-23944
-23925
-23905
-23918
-23886
-23859
-23855
-23832
-23827
-23814
-23808
-23797
-23773
-23754
-23734
-23725
-23712
-23705
-23682
-23660
-23647
-23634
-23623
-23589
-23586
-23565
-23561
-23538
-23523
-23509
-23496
-23489
-23457
-23443
-23437
-23424
-23393
-23400
-23379
-23346
-23350
-23343
-23320
-23306
-23282
-23267
-23257
-23231
-23194
-23200
-23183
-23167
-23153
-23142
-23108
-23120
-23117
-23083
-23069
-23071
-23050
-23038
-23020
-23009
-22990
-22985
-22963
-22950
-22910
-22902
-22877
-22866
-22865
-22855
-22820
-22819
-22794
-22778
-22762
-22751
-22724
-22730
-22709
-22694
-22674
-22677
-22650
-22639
-22638
-22616
-22583
-22589
-22581
-22550
-22528
-22533
-22496
-22485
-22450
-22425
-22446
-22415
-22405
-22383
-22374
-22354
-22354
-22345
-22335
-22319
-22282
-22285
-22284
-22256
-22240
-22223
-22192
-22190
-22178
-22132
-22145
-22120
-22099
-22119
-22063
-22081
-22036
-22032
-22008
-22011
-21973
-21959
-21961
-21961
-21933
-21911
-21927
-21891
-21861
-21877
-21863
-21826
-21834
-21789
-21791
-21761
-21752
-21740
-21717
-21689
-21679
-21673
-21657
-21647
-21647
-21620
-21604
-21586
-21572
-21565
-21537
-21542
-21518
-21487
-21477
-21486
-21452
-21457
-21437
-21408
-21397
-21389
-21356
-21353
-21341
-21302
-21309
-21294
-21257
-21259
-21242
-21232
-21230
-21201
-21203
-21169
-21182
-21154
-21132
-21131
-21117
-21102
-21092
-21066
-21055
-21045
-21011
-21000
-20976
-20968
-20948
-20926
-20930
-20920
-20889
-20869
-20865
-20868
-20849
-20812
-20835
-20797
-20785
-20786
-20774
-20752
-20744
-20707
-20689
-20674
-20675
-20657
-20647
-20624
-20610
-20600
-20585
-20559
-20550
-20537
-20510
-20508
-20490
-20481
-20468
-20468
-20453
-20439
-20428
-20390
-20388
-20372
-20358
-20342
-20323
-20302
-20294
-20285
-20261
-20236
-20242
-20213
-20199
-20179
-20184
-20180
-20155
-20136
-20112
-20100
-20093
-20092
-20060
-20058
-20047
-20045
-20033
-20008
-19988
-19970
-19964
-19952
-19945
-19909
-19895
-19867
-19859
-19846
-19827
-19831
-19813
-19798
-19800
-19765
-19765
-19737
-19723
-19710
-19709
-19693
-19697
-19677
-19651
-19625
-19620
-19606
-19595
-19573
-19562
-19558
-19533
-19521
-19495
-19483
-19472
-19447
-19453
-19437
-19428
-19418
-19399
-19391
-19381
-19368
-19347
-19332
-19324
-19319
-19287
-19280
-19266
-19250
-19226
-19232
-19192
-19193
-19167
-19171
-19151
-19136
-19131
-19128
-19104
-19088
-19082
-19069
-19063
-19034
-19039
-19007
-19015
-18982
-18981
-18973
-18950
-18934
-18914
-18904
-18895
-18889
-18882
-18855
-18843
-18825
-18819
-18817
-18802
-18792
-18763
-18748
-18739
-18712
-18710
-18708
-18707
-18693
-18664
-18664
-18638
-18638
-18616
-18612
-18586
-18592
-18570
-18554
-18544
-18524
-18502
-18506
-18483
-18480
-18480
-18449
-18457
-18453
-18420
-18407
-18405
-18382
-18390
-18381
-18352
-18353
-18342
-18324
-18299
-18286
-18292
-18260
-18272
-18246
-18234
-18201
-18199
-18189
-18188
-18163
-18167
-18160
-18136
-18136
-18118
-18122
-18108
-18067
-18088
-18073
-18058
-18046
-18033
-18017
-17993
-17996
-17976
-17962
-17959
-17950
-17906
-17907
-17916
-17899
-17883
-17879
-17852
-17856
-17833
-17839
-17825
-17793
-17791
-17792
-17776
-17752
-17750
-17737
-17710
-17705
-17691
-17661
-17652
-17630
-17628
-17601
-17598
-17584
-17581
-17560
-17540
-17538
-17513
-17508
-17477
-17474
-17444
-17434
-17412
-17393
-17382
-17369
-17336
-17313
-17280
-17244
-17223
-17220
-17178
-17164
-17146
-17131
-17086
-17050
-17026
-16996
-16962
-16923
-16894
-16874
-16838
-16803
-16760
-16716
-16673
-16639
-16588
-16534
-16461
-16406
-16350
-16292
-16222
-16163
-16102
-16028
-15936
-15872
-15794
-15723
-15638
-15554
-15498
-15431
-15316
-15226
-15145
-15027
-14922
-14820
-14717
-14575
-14454
-14359
-14215
-14057
-13892
-13777
-13625
-13443
-13306
-13183
-13035
-12855
-12728
-12595
-12455
-12299
-12144
-12009
-11833
-11680
-11512
-11359
-11209
-11017
-10812
-10591
-10460
-10252
-10051
-9873
-9675
-9500
-9298
-9137
-8966
-8769
-8623
-8463
-8314
-8133
-7994
-7832
-7699
-7572
-7398
-7241
-7116
-6937
-6805
-6661
-6521
-6336
-6226
-6059
-5910
-5796
-5635
-5512
-5358
-5245
-5162
-5033
-4944
-4828
-4724
-4635
-4540
-4422
-4346
-4253
-4171
-4079
-3976
-3902
-3821
-3706
-3606
-3561
-3468
-3386
-3313
-3253
-3179
-3103
-3047
-2987
-2925
-2862
-2812
-2735
-2701
-2645
-2599
-2540
-2502
-2444
-2408
-2370
-2322
-2286
-2233
-2179
-2151
-2117
-2080
-2028
-2000
-1945
-1914
-1894
-1861
-1826
-1823
-1789
-1763
-1757
-1724
-1685
-1666
-1652
-1642
-1606
-1605
-1587
-1565
-1520
-1520
-1500
-1471
-1475
-1446
-1441
-1420
-1411
-1392
-1394
-1368
-1338
-1360
-1335
-1322
-1323
-1313
-1288
-1291
-1285
-1267
-1272
-1249
-1241
-1242
-1226
-1216
-1209
-1187
-1199
-1192
-1182
-1162
-1175
-1142
-1158
-1135
-1148
-1133
-1139
-1117
-1122
-1129
-1119
-1104
-1101
-1106
-1076
-1080
-1076
-1080
-1067
-1067
-1070
-1055
-1064
-1051
-1033
-1051
-1040
-1031
-1048
-1017
-1020
-1005
-1027
-1014
-1010
-1028
-995
-995
-995
-996
-997
-1012
-999
-990
-991
-997
-972
-978
-966
-973
-965
-957
-960
-968
-948
-956
-952
-939
-956
-942
-948
-945
-951
-942
-940
-930
-946
-937
-928
-932
-921
-913
-913
-912
-912
-907
-899
-884
-891
-897
-906
-908
-902
-874
-887
-899
-892
-886
-897
-887
-885
-895
-883
-866
-887
-882
-865
-865
-868
-873
-861
-873
-870
-863
-877
-859
-865
-864
-863
-852
-863
-872
-853
-845
-845
-859
-854
-843
-840
-842
-829
-845
-844
-840
-840
-829
-846
-832
-833
-831
-829
-830
-804
-830
-827
-825
-804
-832
-828
-826
-814
-815
-821
-827
-796
-814
-797
-789
-797
-800
-796
-804
-798
-811
-782
-800
-812
-796
-791
-787
-797
-786
-783
-783
-793
-795
-783
-798
-794
-785
-776
-785
-777
-776
-786
-772
-766
-783
-765
-763
-768
-768
-772
-757
-764
-778
-769
-770
-765
-752
-778
-749
-751
-754
-751
-743
-755
-747
-744
-741
-757
-751
-751
-736
-747
-753
-736
-755
-740
-736
-751
-734
-734
-748
-747
-733
-727
-736
-722
-732
-718
-730
-735
-733
-723
-716
-724
-732
-737
-731
-726
-731
-718
-712
-715
-718
-718
-726
-728
-733
-719
-720
-702
-720
-714
-707
-723
-710
-699
-705
-705
-721
-715
-718
-690
-701
-712
-708
-695
-696
-703
-705
-708
-699
-675
-705
-691
-706
-688
-687
-702
-675
-699
-698
-672
-674
-679
-683
-689
-687
-680
-690
-681
-681
-670
-664
-679
-670
-683
-665
-688
-682
-678
-655
-682
-688
-678
-671
-668
-675
-686
-669
-663
-668
-670
-667
-665
-683
-679
-664
-674
-661
-667
-663
-661
-663
-673
-665
-650
-658
-662
-658
-650
-652
-658
-658
-648
-670
-647
-640
-630
-647
-637
-626
-652
-659
-649
-649
-663
-655
-629
-652
-654
-630
-651
-640
-643
-645
-621
-642
-616
-648
-619
-636
-639
-645
-650
-626
-635
-627
-638
-633
-625
-630
-629
-640
-637
-641
-632
-615
-608
-640
-633
-626
-620
-632
-636
-625
-615
-616
-617
-622
-616
-627
-623
-609
-622
-610
-614
-624
-606
-611
-613
-624
-613
-608
-604
-619
-608
-604
-618
-606
-610
-615
-603
-618
-601
-613
-614
-611
-609
-589
-597
-607
-610
-591
-605
-587
-588
-588
-594
-587
-594
-613
-602
-592
-575
-594
-575
-573
-578
-601
-581
-599
-588
-581
-572
-590
-574
-577
-570
-575
-590
-584
-551
-558
-572
-572
-570
-572
-555
-549
-571
-554
-544
-552
-553
-562
-565
-541
-558
-567
-550
-558
-545
-564
-537
-553
-542
-555
-557
-540
-539
-520
-534
-542
-525
-525
-538
-527
-528
-516
-523
-533
-544
-526
-529
-503
-517
-531
-529
-532
-528
-504
-520
-524
-520
-513
-520
-507
-512
-529
-512
-511
-504
-489
-507
-499
-492
-520
-512
-505
-501
-513
-507
-515
-499
-489
-500
-488
-501
-505
-500
-502
-502
-479
-496
-481
-491
-476
-473
-483
-489
-495
-501
-488
-486
-473
-477
-483
-489
-485
-480
-474
-470
-487
-466
-480
-466
-474
-488
-470
-470
-457
-458
-480
-473
-470
-483
-478
-462
-462
-475
-451
-460
-473
-460
-469
-453
-464
-459
-471
-453
-469
-463
-454
-447
-457
-444
-445
-466
-451
-458
-447
-440
-450
-438
-441
-459
-453
-441
-469
-441
-455
-454
-453
-446
-461
-439
-441
-436
-432
-456
-456
-439
-444
-447
-444
-436
-422
-427
-437
-439
-451
-444
-447
-443
-420
-451
-430
-445
-420
-446
-439
-423
-430
-437
-442
-418
-431
-437
-430
-429
-427
-437
-428
-440
-420
-428
-419
-428
-421
-436
-438
-416
-424
-424
-401
-412
-402
-414
-413
-418
-416
-410
-429
-416
-407
-420
-405
-405
-392
-388
-412
-413
-390
-405
-402
-399
-387
-395
-387
-398
-391
-385
-399
-390
-401
-391
-420
-386
-387
-378
-390
-387
-395
-388
-386
-374
-370
-392
-383
-376
-367
-367
-383
-355
-388
-357
-389
-371
-354
-365
-363
-362
-382
-361
-348
-375
-351
-390
-386
-375
-362
-360
-370
-370
-361
-351
-380
-367
-374
-340
-342
-356
-356
-347
-357
-381
-353
-354
-373
-349
-353
-348
-382
-362
-348
-364
-360
-342
-362
-346
-355
-345
-361
-339
-358
-336
-339
-350
-359
-346
-345
-342
-333
-337
-353
-359
-345
-327
-338
-334
-326
-342
-338
-342
-350
-315
-340
-324
-336
-340
-334
-316
-342
-323
-312
-324
-304
-323
-318
-301
-314
-326
-308
-309
-302
-317
-330
-328
-330
-314
-322
-318
-314
-318
-318
-317
-313
-320
-316
-305
-330
-309
-301
-311
-304
-299
-292
-306
-315
-297
-286
-301
-296
-288
-300
-304
-294
-301
-285
-289
-291
-302
-294
-285
-285
-295
-292
-298
-295
-285
-274
-296
-277
-278
-278
-278
-271
-300
-278
-288
-262
-281
-274
-275
-289
-291
-292
-280
-284
-273
-275
-281
-264
-273
-276
-271
-279
-260
-263
-276
-277
-264
-264
-273
-276
-273
-267
-267
-245
-271
-268
-265
-250
-261
-262
-262
-258
-246
-259
-262
-253
-252
-240
-259
-245
-247
-246
-243
-255
-253
-237
-252
-242
-252
-241
-233
-234
-247
-229
-239
-213
-223
-216
-219
-241
-224
-230
-214
-232
-229
-219
-228
-233
-218
-217
-224
-230
-228
-229
-212
-213
-220
-212
-201
-215
-208
-208
-203
-205
-184
-207
-192
-209
-203
-197
-207
-203
-185
-196
-191
-188
-180
-191
-182
-187
-181
-183
-188
-178
-183
-170
-161
-174
-160
-171
-159
-166
-159
-146
-164
-143
-160
-161
-150
-158
-153
-156
-133
-135
-151
-127
-131
-131
-123
-127
-137
-134
-120
-119
-118
-121
-116
-120
-119
-105
-119
-114
-113
-102
-119
-106
-103
-99
-101
-112
-111
-102
-118
-91
-111
-107
-113
-109
-107
-96
-112
-100
-100
-82
-111
-91
-84
-89
-75
-63
-48
-53
-42
-45
-28
-12
-8
16
32
40
54
43
73
87
110
93
105
123
108
122
114
138
122
106
114
129
99
121
104
101
128
120
99
110
110
132
132
111
117
115
126
119
130
137
144
134
133
115
145
119
129
125
131
145
153
132
145
133
172
148
157
148
153
171
157
153
162
181
159
166
181
180
174
187
186
202
195
178
172
185
203
201
195
186
190
201
201
205
196
221
233
201
211
228
205
210
218
211
227
210
222
204
242
235
230
225
225
219
201
230
217
235
238
242
223
222
217
240
263
239
266
257
257
253
233
239
247
262
252
251
250
245
258
278
269
268
237
258
265
247
269
263
263
249
251
277
257
258
261
256
282
268
270
278
276
257
288
269
268
277
267
258
298
282
261
280
287
285
278
296
300
295
283
291
294
283
269
282
280
276
287
278
286
298
296
291
302
308
298
301
298
290
310
294
303
312
293
310
293
290
302
295
300
287
300
305
310
310
300
306
316
300
314
314
312
310
308
305
323
334
310
317
300
316
317
326
315
307
308
326
342
315
333
340
334
318
321
327
337
341
334
341
323
333
334
350
335
326
343
340
330
330
338
328
332
328
342
349
337
348
348
355
351
343
351
334
341
331
349
338
340
353
357
355
370
351
353
341
359
366
348
358
358
368
369
365
350
363
376
366
353
377
359
370
373
369
372
370
368
357
368
359
383
375
383
387
375
365
365
375
368
385
373
375
377
389
382
386
379
382
377
379
373
383
383
382
377
388
365
395
392
401
379
392
388
404
404
413
393
387
387
395
421
405
399
404
395
387
381
413
388
402
426
407
396
396
405
412
414
405
398
408
409
420
412
426
438
399
413
421
422
428
420
423
425
421
415
430
415
422
434
425
437
420
436
416
430
437
430
431
434
451
429
434
449
444
453
430
447
442
450
431
438
439
450
441
446
454
455
457
438
438
447
455
447
452
466
461
453
461
460
451
471
463
462
462
454
473
472
458
456
453
458
463
466
453
460
467
474
472
475
455
461
471
479
480
452
457
474
458
486
480
480
466
471
483
466
474
463
470
482
468
483
479
472
475
479
490
494
477
496
486
488
474
474
486
481
477
491
483
479
495
478
503
481
503
494
488
497
482
496
499
515
507
507
499
489
495
494
511
513
499
493
505
497
501
488
491
496
499
515
521
505
516
505
518
513
513
502
532
516
527
510
512
528
532
522
521
529
535
509
521
515
526
529
526
530
518
537
534
543
540
532
561
549
542
547
553
556
544
537
560
548
559
544
561
559
561
560
547
546
563
568
564
563
550
551
566
556
583
590
556
569
567
576
581
556
569
569
571
575
586
588
582
578
586
600
576
586
581
583
595
596
599
600
595
601
596
599
591
596
593
612
595
597
597
615
614
605
597
600
620
595
612
611
618
608
611
601
621
630
616
602
620
623
616
633
653
609
616
615
620
637
615
640
615
626
644
633
625
633
637
610
628
635
636
633
628
632
641
637
620
635
619
623
645
623
645
628
637
648
656
651
630
639
632
646
642
639
656
646
642
659
651
664
657
651
646
670
643
637
665
658
656
651
645
650
655
655
663
652
660
666
657
657
655
655
674
675
666
669
664
679
661
679
668
665
661
660
660
681
673
669
668
663
680
664
684
672
665
676
683
680
678
681
679
680
677
670
678
679
686
675
682
693
691
702
694
693
686
688
689
690
696
707
702
682
688
701
685
684
706
699
685
700
702
698
695
699
699
706
699
707
720
696
706
695
701
709
718
726
722
721
707
704
722
698
711
709
718
723
718
716
722
730
734
731
722
729
712
726
731
731
756
728
732
729
741
724
743
738
731
728
744
736
739
739
722
739
744
745
742
744
759
744
744
754
744
750
750
760
775
779
750
769
748
771
769
771
771
755
759
763
766
758
765
767
771
776
769
770
772
791
783
787
771
795
778
786
782
775
791
781
773
796
791
791
790
789
772
789
787
808
791
787
803
802
799
795
811
798
813
813
820
810
806
808
822
835
813
818
824
807
830
825
812
830
832
820
823
823
842
831
845
828
834
832
831
839
828
838
830
840
846
860
848
854
836
867
851
864
864
858
856
858
853
873
860
879
861
855
863
886
866
855
868
870
876
885
885
883
883
872
895
884
906
875
896
884
901
901
922
918
868
890
927
911
912
909
923
919
916
907
934
931
935
931
905
928
920
909
936
944
943
933
936
925
946
950
956
961
967
965
953
977
951
973
976
966
975
994
962
984
971
972
978
986
988
1007
992
1005
994
1003
1024
1026
1029
1029
1024
1040
1046
1061
1025
1035
1050
1061
1057
1075
1050
1061
1065
1073
1095
1091
1077
1088
1108
1104
1096
1117
1116
1127
1113
1139
1166
1156
1157
1147
1172
1176
1165
1175
1180
1186
1199
1193
1219
1210
1225
1234
1238
1259
1277
1294
1284
1299
1309
1325
1350
1329
1348
1356
1365
1356
1379
1390
1420
1415
1442
1449
1462
1470
1496
1514
1540
1548
1575
1606
1607
1624
1652
1680
1699
1709
1750
1757
1796
1802
1851
1854
1891
1918
1953
1972
1992
2029
2060
2111
2141
2192
2236
2293
2318
2374
2415
2476
2526
2576
2631
2677
2726
2794
2843
2890
2935
3006
3070
3135
3190
3259
3323
3405
3477
3571
3624
3734
3801
3917
3994
4105
4187
4290
4397
4519
4614
4708
4807
4910
5014
5122
5230
5338
5450
5535
5688
5810
5964
6097
6231
6358
6525
6681
6799
6984
7144
7287
7448
7617
7774
7938
8114
8267
8436
8594
8727
8881
9059
9222
9382
9543
9729
9913
10076
10257
10465
10646
10856
11035
11214
11400
11569
11743
11906
12098
12237
12405
12584
12723
12863
12987
13146
13269
13398
13554
13676
13817
13958
14080
14203
14362
14489
14625
14725
14858
14974
15095
15191
15258
15369
15473
15575
15647
15724
15797
15855
15941
15996
16056
16101
16192
16247
16297
16361
16390
16475
16516
16574
16632
16692
16718
16772
16818
16858
16918
16948
16975
17001
17024
17047
17094
17104
17148
17195
17178
17199
17229
17262
17288
17335
17351
17346
17354
17389
17420
17435
17455
17484
17504
17502
17535
17556
17560
17575
17603
17599
17633
17637
17641
17657
17673
17670
17693
17721
17718
17733
17759
17763
17774
17794
17815
17816
17830
17845
17855
17857
17876
17894
17910
17912
17940
17938
17947
17955
17979
17977
17975
17994
18012
18013
18038
18055
18056
18071
18076
18109
18125
18119
18153
18140
18171
18175
18180
18188
18203
18222
18224
18215
18233
18255
18263
18256
18307
18312
18326
18339
18339
18351
18362
18372
18398
18414
18427
18419
18434
18443
18460
18469
18504
18499
18515
18524
18554
18548
18562
18560
18572
18577
18587
18607
18630
18623
18646
18671
18693
18694
18708
18704
18750
18748
18775
18771
18787
18782
18825
18825
18826
18834
18861
18851
18878
18902
18892
18921
18928
18935
18963
18970
18966
18998
19016
19027
19037
19059
19080
19089
19100
19109
19139
19144
19161
19182
19170
19163
19196
19203
19222
19239
19265
19245
19263
19291
19310
19343
19326
19324
19359
19376
19376
19388
19411
19434
19441
19478
19464
19489
19499
19506
19522
19536
19545
19537
19561
19594
19600
19613
19619
19647
19673
19664
19683
19713
19748
19725
19740
19778
19784
19777
19798
19809
19833
19833
19864
19859
19896
19887
19895
19918
19936
19962
19957
19976
20005
20007
20027
20051
20055
20064
20086
20115
20114
20122
20131
20161
20156
20180
20187
20199
20229
20231
20239
20268
20276
20276
20304
20311
20316
20352
20356
20378
20374
20401
20428
20434
20454
20474
20482
20497
20520
20528
20518
20542
20562
20575
20600
20606
20626
20626
20646
20674
20677
20680
20710
20722
20732
20741
20768
20792
20805
20831
20829
20853
20849
20861
20878
20898
20925
20920
20953
20947
20971
20969
20989
21019
21048
21068
21058
21066
21072
21101
21130
21125
21145
21171
21176
21193
21200
21219
21244
21240
21262
21294
21293
21323
21330
21327
21366
21367
21374
21401
21403
21431
21435
21461
21477
21489
21511
21514
21538
21547
21579
21581
21598
21627
21620
21640
21679
21663
21683
21689
21711
21727
21726
21753
21753
21772
21783
21818
21817
21834
21857
21885
21892
21905
21931
21949
21964
21977
21982
22007
22006
22033
22030
22039
22074
22081
22097
22119
22131
22149
22151
22156
22176
22203
22230
22240
22241
22248
22278
22314
22329
22334
22333
22359
22356
22396
22405
22411
22424
22442
22460
22473
22478
22509
22526
22540
22528
22570
22593
22584
22616
22633
22646
22656
22660
22691
22712
22735
22748
22748
22754
22778
22772
22795
22826
22842
22853
22861
22871
22880
22910
22924
22961
22950
22961
22980
22999
23026
23023
23042
23068
23069
23095
23104
23150
23137
23151
23156
23202
23185
23208
23228
23236
23245
23256
23277
23292
23308
23325
23361
23347
23378
23384
23406
23437
23447
23472
23484
23477
23479
23526
23540
23558
23550
23580
23579
23600
23601
23629
23633
23656
23666
23683
23702
23726
23734
23743
23762
23787
23793
23811
23837
23870
23884
23876
23891
23943
23924
23939
23955
23980
23989
23989
24003
24032
24047
24049
24067
24086
24114
24115
24134
24140
24159
24184
24190
24207
24232
24239
24257
24263
24290
24318
24323
24336
24354
24351
24360
24389
24404
24420
24425
24466
24460
24484
24511
24514
24531
24553
24575
24583
24604
24633
24633
24645
24657
24672
24674
24701
24714
24731
24747
24762
24796
24781
24801
24810
24839
24836
24883
24864
24882
24915
24936
24941
24961
24993
24991
25007
25029
25028
25044
25063
25085
25093
25133
25124
25143
25148
25163
25170
25204
25209
25231
25242
25261
25279
25296
25320
25343
25343
25358
25361
25382
25398
25411
25442
25448
25447
25475
25494
25504
25510
25530
25529
25566
25585
25583
25618
25625
25646
25660
25676
25691
25704
25732
25739
25748
25759
25772
25801
25829
25829
25835
25864
25856
25890
25886
25910
25918
25940
25943
25966
25991
26018
26016
26032
26057
26059
26092
26093
26131
26133
26154
26160
26198
26190
26208
26219
26235
26251
26256
26264
26293
26308
26318
26333
26358
26354
26407
26409
26395
26432
26454
26472
26481
26504
26540
26531
26537
26572
26582
26590
26609
26617
26630
26645
26664
26692
26688
26692
26724
26745
26749
26790
26796
26788
26813
26829
26865
26848
26887
26909
26906
26940
26945
26947
26973
26983
26991
27025
27015
27041
27052
27080
27075
27110
27106
27121
27153
27163
27181
27199
27224
27239
27240
27269
27285
27302
27318
27332
27352
27370
27366
27388
27419
27418
27427
27430
27434
27458
27504
27504
27519
27535
27549
27558
27584
27599
27617
27635
27639
27673
27672
27695
27705
27737
27737
27754
27750
27780
27804
27807
27806
27823
27857
27852
27879
27897
27926
27935
27928
27965
27994
27995
28011
28028
28043
28076
28085
28093
28099
28132
28131
28156
28168
28186
28197
28223
28214
28216
28241
28259
28279
28304
28315
28342
28356
28357
28382
28402
28416
28429
28436
28466
28469
28507
28496
28516
28554
28558
28554
28566
28578
28592
28610
28635
28641
28661
28664
28694
28701
28730
28727
28760
28783
28794
28801
28815
28852
28843
28878
28883
28905
28918
28927
28935
28940
28973
28988
28992
29004
29020
29032
29062
29058
29081
29102
29123
29123
29162
29170
29195
29210
29209
29238
29253
29253
29238
29209
29210
29195
29170
29162
29123
29123
29102
29081
29058
29062
29032
29020
29004
28992
28988
28973
28940
28935
28927
28918
28905
28883
28878
28843
28852
28815
28801
28794
28783
28760
28727
28730
28701
28694
28664
28661
28641
28635
28610
28592
28578
28566
28554
28558
28554
28516
28496
28507
28469
28466
28436
28429
28416
28402
28382
28357
28356
28342
28315
28304
28279
28259
28241
28216
28214
28223
28197
28186
28168
28156
28131
28132
28099
28093
28085
28076
28043
28028
28011
27995
27994
27965
27928
27935
27926
27897
27879
27852
27857
27823
27806
27807
27804
27780
27750
27754
27737
27737
27705
27695
27672
27673
27639
27635
27617
27599
27584
27558
27549
27535
27519
27504
27504
27458
27434
27430
27427
27418
27419
27388
27366
27370
27352
27332
27318
27302
27285
27269
27240
27239
27224
27199
27181
27163
27153
27121
27106
27110
27075
27080
27052
27041
27015
27025
26991
26983
26973
26947
26945
26940
26906
26909
26887
26848
26865
26829
26813
26788
26796
26790
26749
26745
26724
26692
26688
26692
26664
26645
26630
26617
26609
26590
26582
26572
26537
26531
26540
26504
26481
26472
26454
26432
26395
26409
26407
26354
26358
26333
26318
26308
26293
26264
26256
26251
26235
26219
26208
26190
26198
26160
26154
26133
26131
26093
26092
26059
26057
26032
26016
26018
25991
25966
25943
25940
25918
25910
25886
25890
25856
25864
25835
25829
25829
25801
25772
25759
25748
25739
25732
25704
25691
25676
25660
25646
25625
25618
25583
25585
25566
25529
25530
25510
25504
25494
25475
25447
25448
25442
25411
25398
25382
25361
25358
25343
25343
25320
25296
25279
25261
25242
25231
25209
25204
25170
25163
25148
25143
25124
25133
25093
25085
25063
25044
25028
25029
25007
24991
24993
24961
24941
24936
24915
24882
24864
24883
24836
24839
24810
24801
24781
24796
24762
24747
24731
24714
24701
24674
24672
24657
24645
24633
24633
24604
24583
24575
24553
24531
24514
24511
24484
24460
24466
24425
24420
24404
24389
24360
24351
24354
24336
24323
24318
24290
24263
24257
24239
24232
24207
24190
24184
24159
24140
24134
24115
24114
24086
24067
24049
24047
24032
24003
23989
23989
23980
23955
23939
23924
23943
23891
23876
23884
23870
23837
23811
23793
23787
23762
23743
23734
23726
23702
23683
23666
23656
23633
23629
23601
23600
23579
23580
23550
23558
23540
23526
23479
23477
23484
23472
23447
23437
23406
23384
23378
23347
23361
23325
23308
23292
23277
23256
23245
23236
23228
23208
23185
23202
23156
23151
23137
23150
23104
23095
23069
23068
23042
23023
23026
22999
22980
22961
22950
22961
22924
22910
22880
22871
22861
22853
22842
22826
22795
22772
22778
22754
22748
22748
22735
22712
22691
22660
22656
22646
22633
22616
22584
22593
22570
22528
22540
22526
22509
22478
22473
22460
22442
22424
22411
22405
22396
22356
22359
22333
22334
22329
22314
22278
22248
22241
22240
22230
22203
22176
22156
22151
22149
22131
22119
22097
22081
22074
22039
22030
22033
22006
22007
21982
21977
21964
21949
21931
21905
21892
21885
21857
21834
21817
21818
21783
21772
21753
21753
21726
21727
21711
21689
21683
21663
21679
21640
21620
21627
21598
21581
21579
21547
21538
21514
21511
21489
21477
21461
21435
21431
21403
21401
21374
21367
21366
21327
21330
21323
21293
21294
21262
21240
21244
21219
21200
21193
21176
21171
21145
21125
21130
21101
21072
21066
21058
21068
21048
21019
20989
20969
20971
20947
20953
20920
20925
20898
20878
20861
20849
20853
20829
20831
20805
20792
20768
20741
20732
20722
20710
20680
20677
20674
20646
20626
20626
20606
20600
20575
20562
20542
20518
20528
20520
20497
20482
20474
20454
20434
20428
20401
20374
20378
20356
20352
20316
20311
20304
20276
20276
20268
20239
20231
20229
20199
20187
20180
20156
20161
20131
20122
20114
20115
20086
20064
20055
20051
20027
20007
20005
19976
19957
19962
19936
19918
19895
19887
19896
19859
19864
19833
19833
19809
19798
19777
19784
19778
19740
19725
19748
19713
19683
19664
19673
19647
19619
19613
19600
19594
19561
19537
19545
19536
19522
19506
19499
19489
19464
19478
19441
19434
19411
19388
19376
19376
19359
19324
19326
19343
19310
19291
19263
19245
19265
19239
19222
19203
19196
19163
19170
19182
19161
19144
19139
19109
19100
19089
19080
19059
19037
19027
19016
18998
18966
18970
18963
18935
18928
18921
18892
18902
18878
18851
18861
18834
18826
18825
18825
18782
18787
18771
18775
18748
18750
18704
18708
18694
18693
18671
18646
18623
18630
18607
18587
18577
18572
18560
18562
18548
18554
18524
18515
18499
18504
18469
18460
18443
18434
18419
18427
18414
18398
18372
18362
18351
18339
18339
18326
18312
18307
18256
18263
18255
18233
18215
18224
18222
18203
18188
18180
18175
18171
18140
18153
18119
18125
18109
18076
18071
18056
18055
18038
18013
18012
17994
17975
17977
17979
17955
17947
17938
17940
17912
17910
17894
17876
17857
17855
17845
17830
17816
17815
17794
17774
17763
17759
17733
17718
17721
17693
17670
17673
17657
17641
17637
17633
17599
17603
17575
17560
17556
17535
17502
17504
17484
17455
17435
17420
17389
17354
17346
17351
17335
17288
17262
17229
17199
17178
17195
17148
17104
17094
17047
17024
17001
16975
16948
16918
16858
16818
16772
16718
16692
16632
16574
16516
16475
16390
16361
16297
16247
16192
16101
16056
15996
15941
15855
15797
15724
15647
15575
15473
15369
15258
15191
15095
14974
14858
14725
14625
14489
14362
14203
14080
13958
13817
13676
13554
13398
13269
13146
12987
12863
12723
12584
12405
12237
12098
11906
11743
11569
11400
11214
11035
10856
10646
10465
10257
10076
9913
9729
9543
9382
9222
9059
8881
8727
8594
8436
8267
8114
7938
7774
7617
7448
7287
7144
6984
6799
6681
6525
6358
6231
6097
5964
5810
5688
5535
5450
5338
5230
5122
5014
4910
4807
4708
4614
4519
4397
4290
4187
4105
3994
3917
3801
3734
3624
3571
3477
3405
3323
3259
3190
3135
3070
3006
2935
2890
2843
2794
2726
2677
2631
2576
2526
2476
2415
2374
2318
2293
2236
2192
2141
2111
2060
2029
1992
1972
1953
1918
1891
1854
1851
1802
1796
1757
1750
1709
1699
1680
1652
1624
1607
1606
1575
1548
1540
1514
1496
1470
1462
1449
1442
1415
1420
1390
1379
1356
1365
1356
1348
1329
1350
1325
1309
1299
1284
1294
1277
1259
1238
1234
1225
1210
1219
1193
1199
1186
1180
1175
1165
1176
1172
1147
1157
1156
1166
1139
1113
1127
1116
1117
1096
1104
1108
1088
1077
1091
1095
1073
1065
1061
1050
1075
1057
1061
1050
1035
1025
1061
1046
1040
1024
1029
1029
1026
1024
1003
994
1005
992
1007
988
986
978
972
971
984
962
994
975
966
976
973
951
977
953
965
967
961
956
950
946
925
936
933
943
944
936
909
920
928
905
931
935
931
934
907
916
919
923
909
912
911
927
890
868
918
922
901
901
884
896
875
906
884
895
872
883
883
885
885
876
870
868
855
866
886
863
855
861
879
860
873
853
858
856
858
864
864
851
867
836
854
848
860
846
840
830
838
828
839
831
832
834
828
845
831
842
823
823
820
832
830
812
825
830
807
824
818
813
835
822
808
806
810
820
813
813
798
811
795
799
802
803
787
791
808
787
789
772
789
790
791
791
796
773
781
791
775
782
786
778
795
771
787
783
791
772
770
769
776
771
767
765
758
766
763
759
755
771
771
769
771
748
769
750
779
775
760
750
750
744
754
744
744
759
744
742
745
744
739
722
739
739
736
744
728
731
738
743
724
741
729
732
728
756
731
731
726
712
729
722
731
734
730
722
716
718
723
718
709
711
698
722
704
707
721
722
726
718
709
701
695
706
696
720
707
699
706
699
699
695
698
702
700
685
699
706
684
685
701
688
682
702
707
696
690
689
688
686
693
694
702
691
693
682
675
686
679
678
670
677
680
679
681
678
680
683
676
665
672
684
664
680
663
668
669
673
681
660
660
661
665
668
679
661
679
664
669
666
675
674
655
655
657
657
666
660
652
663
655
655
650
645
651
656
658
665
637
643
670
646
651
657
664
651
659
642
646
656
639
642
646
632
639
630
651
656
648
637
628
645
623
645
623
619
635
620
637
641
632
628
633
636
635
628
610
637
633
625
633
644
626
615
640
615
637
620
615
616
609
653
633
616
623
620
602
616
630
621
601
611
608
618
611
612
595
620
600
597
605
614
615
597
597
595
612
593
596
591
599
596
601
595
600
599
596
595
583
581
586
576
600
586
578
582
588
586
575
571
569
569
556
581
576
567
569
556
590
583
556
566
551
550
563
564
568
563
546
547
560
561
559
561
544
559
548
560
537
544
556
553
547
542
549
561
532
540
543
534
537
518
530
526
529
526
515
521
509
535
529
521
522
532
528
512
510
527
516
532
502
513
513
518
505
516
505
521
515
499
496
491
488
501
497
505
493
499
513
511
494
495
489
499
507
507
515
499
496
482
497
488
494
503
481
503
478
495
479
483
491
477
481
486
474
474
488
486
496
477
494
490
479
475
472
479
483
468
482
470
463
474
466
483
471
466
480
480
486
458
474
457
452
480
479
471
461
455
475
472
474
467
460
453
466
463
458
453
456
458
472
473
454
462
462
463
471
451
460
461
453
461
466
452
447
455
447
438
438
457
455
454
446
441
450
439
438
431
450
442
447
430
453
444
449
434
429
451
434
431
430
437
430
416
436
420
437
425
434
422
415
430
415
421
425
423
420
428
422
421
413
399
438
426
412
420
409
408
398
405
414
412
405
396
396
407
426
402
388
413
381
387
395
404
399
405
421
395
387
387
393
413
404
404
388
392
379
401
392
395
365
388
377
382
383
383
373
379
377
382
379
386
382
389
377
375
373
385
368
375
365
365
375
387
383
375
383
359
368
357
368
370
372
369
373
370
359
377
353
366
376
363
350
365
369
368
358
358
348
366
359
341
353
351
370
355
357
353
340
338
349
331
341
334
351
343
351
355
348
348
337
349
342
328
332
328
338
330
330
340
343
326
335
350
334
333
323
341
334
341
337
327
321
318
334
340
333
315
342
326
308
307
315
326
317
316
300
317
310
334
323
305
308
310
312
314
314
300
316
306
300
310
310
305
300
287
300
295
302
290
293
310
293
312
303
294
310
290
298
301
298
308
302
291
296
298
286
278
287
276
280
282
269
283
294
291
283
295
300
296
278
285
287
280
261
282
298
258
267
277
268
269
288
257
276
278
270
268
282
256
261
258
257
277
251
249
263
263
269
247
265
258
237
268
269
278
258
245
250
251
252
262
247
239
233
253
257
257
266
239
263
240
217
222
223
242
238
235
217
230
201
219
225
225
230
235
242
204
222
210
227
211
218
210
205
228
211
201
233
221
196
205
201
201
190
186
195
201
203
185
172
178
195
202
186
187
174
180
181
166
159
181
162
153
157
171
153
148
157
148
172
133
145
132
153
145
131
125
129
119
145
115
133
134
144
137
130
119
126
115
117
111
132
132
110
110
99
120
128
101
104
121
99
129
114
106
122
138
114
122
108
123
105
93
110
87
73
43
54
40
32
16
-8
-12
-28
-45
-42
-53
-48
-63
-75
-89
-84
-91
-111
-82
-100
-100
-112
-96
-107
-109
-113
-107
-111
-91
-118
-102
-111
-112
-101
-99
-103
-106
-119
-102
-113
-114
-119
-105
-119
-120
-116
-121
-118
-119
-120
-134
-137
-127
-123
-131
-131
-127
-151
-135
-133
-156
-153
-158
-150
-161
-160
-143
-164
-146
-159
-166
-159
-171
-160
-174
-161
-170
-183
-178
-188
-183
-181
-187
-182
-191
-180
-188
-191
-196
-185
-203
-207
-197
-203
-209
-192
-207
-184
-205
-203
-208
-208
-215
-201
-212
-220
-213
-212
-229
-228
-230
-224
-217
-218
-233
-228
-219
-229
-232
-214
-230
-224
-241
-219
-216
-223
-213
-239
-229
-247
-234
-233
-241
-252
-242
-252
-237
-253
-255
-243
-246
-247
-245
-259
-240
-252
-253
-262
-259
-246
-258
-262
-262
-261
-250
-265
-268
-271
-245
-267
-267
-273
-276
-273
-264
-264
-277
-276
-263
-260
-279
-271
-276
-273
-264
-281
-275
-273
-284
-280
-292
-291
-289
-275
-274
-281
-262
-288
-278
-300
-271
-278
-278
-278
-277
-296
-274
-285
-295
-298
-292
-295
-285
-285
-294
-302
-291
-289
-285
-301
-294
-304
-300
-288
-296
-301
-286
-297
-315
-306
-292
-299
-304
-311
-301
-309
-330
-305
-316
-320
-313
-317
-318
-318
-314
-318
-322
-314
-330
-328
-330
-317
-302
-309
-308
-326
-314
-301
-318
-323
-304
-324
-312
-323
-342
-316
-334
-340
-336
-324
-340
-315
-350
-342
-338
-342
-326
-334
-338
-327
-345
-359
-353
-337
-333
-342
-345
-346
-359
-350
-339
-336
-358
-339
-361
-345
-355
-346
-362
-342
-360
-364
-348
-362
-382
-348
-353
-349
-373
-354
-353
-381
-357
-347
-356
-356
-342
-340
-374
-367
-380
-351
-361
-370
-370
-360
-362
-375
-386
-390
-351
-375
-348
-361
-382
-362
-363
-365
-354
-371
-389
-357
-388
-355
-383
-367
-367
-376
-383
-392
-370
-374
-386
-388
-395
-387
-390
-378
-387
-386
-420
-391
-401
-390
-399
-385
-391
-398
-387
-395
-387
-399
-402
-405
-390
-413
-412
-388
-392
-405
-405
-420
-407
-416
-429
-410
-416
-418
-413
-414
-402
-412
-401
-424
-424
-416
-438
-436
-421
-428
-419
-428
-420
-440
-428
-437
-427
-429
-430
-437
-431
-418
-442
-437
-430
-423
-439
-446
-420
-445
-430
-451
-420
-443
-447
-444
-451
-439
-437
-427
-422
-436
-444
-447
-444
-439
-456
-456
-432
-436
-441
-439
-461
-446
-453
-454
-455
-441
-469
-441
-453
-459
-441
-438
-450
-440
-447
-458
-451
-466
-445
-444
-457
-447
-454
-463
-469
-453
-471
-459
-464
-453
-469
-460
-473
-460
-451
-475
-462
-462
-478
-483
-470
-473
-480
-458
-457
-470
-470
-488
-474
-466
-480
-466
-487
-470
-474
-480
-485
-489
-483
-477
-473
-486
-488
-501
-495
-489
-483
-473
-476
-491
-481
-496
-479
-502
-502
-500
-505
-501
-488
-500
-489
-499
-515
-507
-513
-501
-505
-512
-520
-492
-499
-507
-489
-504
-511
-512
-529
-512
-507
-520
-513
-520
-524
-520
-504
-528
-532
-529
-531
-517
-503
-529
-526
-544
-533
-523
-516
-528
-527
-538
-525
-525
-542
-534
-520
-539
-540
-557
-555
-542
-553
-537
-564
-545
-558
-550
-567
-558
-541
-565
-562
-553
-552
-544
-554
-571
-549
-555
-572
-570
-572
-572
-558
-551
-584
-590
-575
-570
-577
-574
-590
-572
-581
-588
-599
-581
-601
-578
-573
-575
-594
-575
-592
-602
-613
-594
-587
-594
-588
-588
-587
-605
-591
-610
-607
-597
-589
-609
-611
-614
-613
-601
-618
-603
-615
-610
-606
-618
-604
-608
-619
-604
-608
-613
-624
-613
-611
-606
-624
-614
-610
-622
-609
-623
-627
-616
-622
-617
-616
-615
-625
-636
-632
-620
-626
-633
-640
-608
-615
-632
-641
-637
-640
-629
-630
-625
-633
-638
-627
-635
-626
-650
-645
-639
-636
-619
-648
-616
-642
-621
-645
-643
-640
-651
-630
-654
-652
-629
-655
-663
-649
-649
-659
-652
-626
-637
-647
-630
-640
-647
-670
-648
-658
-658
-652
-650
-658
-662
-658
-650
-665
-673
-663
-661
-663
-667
-661
-674
-664
-679
-683
-665
-667
-670
-668
-663
-669
-686
-675
-668
-671
-678
-688
-682
-655
-678
-682
-688
-665
-683
-670
-679
-664
-670
-681
-681
-690
-680
-687
-689
-683
-679
-674
-672
-698
-699
-675
-702
-687
-688
-706
-691
-705
-675
-699
-708
-705
-703
-696
-695
-708
-712
-701
-690
-718
-715
-721
-705
-705
-699
-710
-723
-707
-714
-720
-702
-720
-719
-733
-728
-726
-718
-718
-715
-712
-718
-731
-726
-731
-737
-732
-724
-716
-723
-733
-735
-730
-718
-732
-722
-736
-727
-733
-747
-748
-734
-734
-751
-736
-740
-755
-736
-753
-747
-736
-751
-751
-757
-741
-744
-747
-755
-743
-751
-754
-751
-749
-778
-752
-765
-770
-769
-778
-764
-757
-772
-768
-768
-763
-765
-783
-766
-772
-786
-776
-777
-785
-776
-785
-794
-798
-783
-795
-793
-783
-783
-786
-797
-787
-791
-796
-812
-800
-782
-811
-798
-804
-796
-800
-797
-789
-797
-814
-796
-827
-821
-815
-814
-826
-828
-832
-804
-825
-827
-830
-804
-830
-829
-831
-833
-832
-846
-829
-840
-840
-844
-845
-829
-842
-840
-843
-854
-859
-845
-845
-853
-872
-863
-852
-863
-864
-865
-859
-877
-863
-870
-873
-861
-873
-868
-865
-865
-882
-887
-866
-883
-895
-885
-887
-897
-886
-892
-899
-887
-874
-902
-908
-906
-897
-891
-884
-899
-907
-912
-912
-913
-913
-921
-932
-928
-937
-946
-930
-940
-942
-951
-945
-948
-942
-956
-939
-952
-956
-948
-968
-960
-957
-965
-973
-966
-978
-972
-997
-991
-990
-999
-1012
-997
-996
-995
-995
-995
-1028
-1010
-1014
-1027
-1005
-1020
-1017
-1048
-1031
-1040
-1051
-1033
-1051
-1064
-1055
-1070
-1067
-1067
-1080
-1076
-1080
-1076
-1106
-1101
-1104
-1119
-1129
-1122
-1117
-1139
-1133
-1148
-1135
-1158
-1142
-1175
-1162
-1182
-1192
-1199
-1187
-1209
-1216
-1226
-1242
-1241
-1249
-1272
-1267
-1285
-1291
-1288
-1313
-1323
-1322
-1335
-1360
-1338
-1368
-1394
-1392
-1411
-1420
-1441
-1446
-1475
-1471
-1500
-1520
-1520
-1565
-1587
-1605
-1606
-1642
-1652
-1666
-1685
-1724
-1757
-1763
-1789
-1823
-1826
-1861
-1894
-1914
-1945
-2000
-2028
-2080
-2117
-2151
-2179
-2233
-2286
-2322
-2370
-2408
-2444
-2502
-2540
-2599
-2645
-2701
-2735
-2812
-2862
-2925
-2987
-3047
-3103
-3179
-3253
-3313
-3386
-3468
-3561
-3606
-3706
-3821
-3902
-3976
-4079
-4171
-4253
-4346
-4422
-4540
-4635
-4724
-4828
-4944
-5033
-5162
-5245
-5358
-5512
-5635
-5796
-5910
-6059
-6226
-6336
-6521
-6661
-6805
-6937
-7116
-7241
-7398
-7572
-7699
-7832
-7994
-8133
-8314
-8463
-8623
-8769
-8966
-9137
-9298
-9500
-9675
-9873
-10051
-10252
-10460
-10591
-10812
-11017
-11209
-11359
-11512
-11680
-11833
-12009
-12144
-12299
-12455
-12595
-12728
-12855
-13035
-13183
-13306
-13443
-13625
-13777
-13892
-14057
-14215
-14359
-14454
-14575
-14717
-14820
-14922
-15027
-15145
-15226
-15316
-15431
-15498
-15554
-15638
-15723
-15794
-15872
-15936
-16028
-16102
-16163
-16222
-16292
-16350
-16406
-16461
-16534
-16588
-16639
-16673
-16716
-16760
-16803
-16838
-16874
-16894
-16923
-16962
-16996
-17026
-17050
-17086
-17131
-17146
-17164
-17178
-17220
-17223
-17244
-17280
-17313
-17336
-17369
-17382
-17393
-17412
-17434
-17444
-17474
-17477
-17508
-17513
-17538
-17540
-17560
-17581
-17584
-17598
-17601
-17628
-17630
-17652
-17661
-17691
-17705
-17710
-17737
-17750
-17752
-17776
-17792
-17791
-17793
-17825
-17839
-17833
-17856
-17852
-17879
-17883
-17899
-17916
-17907
-17906
-17950
-17959
-17962
-17976
-17996
-17993
-18017
-18033
-18046
-18058
-18073
-18088
-18067
-18108
-18122
-18118
-18136
-18136
-18160
-18167
-18163
-18188
-18189
-18199
-18201
-18234
-18246
-18272
-18260
-18292
-18286
-18299
-18324
-18342
-18353
-18352
-18381
-18390
-18382
-18405
-18407
-18420
-18453
-18457
-18449
-18480
-18480
-18483
-18506
-18502
-18524
-18544
-18554
-18570
-18592
-18586
-18612
-18616
-18638
-18638
-18664
-18664
-18693
-18707
-18708
-18710
-18712
-18739
-18748
-18763
-18792
-18802
-18817
-18819
-18825
-18843
-18855
-18882
-18889
-18895
-18904
-18914
-18934
-18950
-18973
-18981
-18982
-19015
-19007
-19039
-19034
-19063
-19069
-19082
-19088
-19104
-19128
-19131
-19136
-19151
-19171
-19167
-19193
-19192
-19232
-19226
-19250
-19266
-19280
-19287
-19319
-19324
-19332
-19347
-19368
-19381
-19391
-19399
-19418
-19428
-19437
-19453
-19447
-19472
-19483
-19495
-19521
-19533
-19558
-19562
-19573
-19595
-19606
-19620
-19625
-19651
-19677
-19697
-19693
-19709
-19710
-19723
-19737
-19765
-19765
-19800
-19798
-19813
-19831
-19827
-19846
-19859
-19867
-19895
-19909
-19945
-19952
-19964
-19970
-19988
-20008
-20033
-20045
-20047
-20058
-20060
-20092
-20093
-20100
-20112
-20136
-20155
-20180
-20184
-20179
-20199
-20213
-20242
-20236
-20261
-20285
-20294
-20302
-20323
-20342
-20358
-20372
-20388
-20390
-20428
-20439
-20453
-20468
-20468
-20481
-20490
-20508
-20510
-20537
-20550
-20559
-20585
-20600
-20610
-20624
-20647
-20657
-20675
-20674
-20689
-20707
-20744
-20752
-20774
-20786
-20785
-20797
-20835
-20812
-20849
-20868
-20865
-20869
-20889
-20920
-20930
-20926
-20948
-20968
-20976
-21000
-21011
-21045
-21055
-21066
-21092
-21102
-21117
-21131
-21132
-21154
-21182
-21169
-21203
-21201
-21230
-21232
-21242
-21259
-21257
-21294
-21309
-21302
-21341
-21353
-21356
-21389
-21397
-21408
-21437
-21457
-21452
-21486
-21477
-21487
-21518
-21542
-21537
-21565
-21572
-21586
-21604
-21620
-21647
-21647
-21657
-21673
-21679
-21689
-21717
-21740
-21752
-21761
-21791
-21789
-21834
-21826
-21863
-21877
-21861
-21891
-21927
-21911
-21933
-21961
-21961
-21959
-21973
-22011
-22008
-22032
-22036
-22081
-22063
-22119
-22099
-22120
-22145
-22132
-22178
-22190
-22192
-22223
-22240
-22256
-22284
-22285
-22282
-22319
-22335
-22345
-22354
-22354
-22374
-22383
-22405
-22415
-22446
-22425
-22450
-22485
-22496
-22533
-22528
-22550
-22581
-22589
-22583
-22616
-22638
-22639
-22650
-22677
-22674
-22694
-22709
-22730
-22724
-22751
-22762
-22778
-22794
-22819
-22820
-22855
-22865
-22866
-22877
-22902
-22910
-22950
-22963
-22985
-22990
-23009
-23020
-23038
-23050
-23071
-23069
-23083
-23117
-23120
-23108
-23142
-23153
-23167
-23183
-23200
-23194
-23231
-23257
-23267
-23282
-23306
-23320
-23343
-23350
-23346
-23379
-23400
-23393
-23424
-23437
-23443
-23457
-23489
-23496
-23509
-23523
-23538
-23561
-23565
-23586
-23589
-23623
-23634
-23647
-23660
-23682
-23705
-23712
-23725
-23734
-23754
-23773
-23797
-23808
-23814
-23827
-23832
-23855
-23859
-23886
-23918
-23905
-23925
-23944
-23957
-23984
-23996
-23997
-24028
-24030
-24056
-24075
-24081
-24101
-24127
-24122
-24147
-24169
-24186
-24209
-24205
-24218
-24230
-24252
-24278
-24284
-24296
-24295
-24310
-24337
-24365
-24364
-24387
-24414
-24418
-24431
-24459
-24478
-24489
-24500
-24513
-24534
-24546
-24556
-24573
-24604
-24609
-24604
-24639
-24649
-24659
-24671
-24684
-24715
-24702
-24728
-24747
-24779
-24785
-24791
-24820
-24824
-24845
-24842
-24875
-24897
-24927
-24923
-24944
-24949
-24967
-24969
-24997
-25016
-25021
-25045
-25055
-25062
-25069
-25102
-25106
-25130
-25144
-25160
-25191
-25197
-25209
-25218
-25243
-25258
-25269
-25289
-25304
-25324
-25345
-25355
-25365
-25367
-25381
-25407
-25422
-25432
-25455
-25467
-25471
-25491
-25505
-25534
-25532
-25569
-25573
-25596
-25612
-25626
-25647
-25659
-25673
-25676
-25708
-25725
-25712
-25724
-25764
-25768
-25799
-25801
-25804
-25808
-25841
-25875
-25873
-25893
-25893
-25917
-25956
-25941
-25976
-25990
-26012
-26014
-26043
-26056
-26073
-26084
-26089
-26105
-26123
-26122
-26161
-26174
-26171
-26183
-26201
-26222
-26239
-26246
-26269
-26291
-26304
-26304
-26334
-26346
-26371
-26380
-26414
-26416
-26444
-26446
-26475
-26473
-26493
-26502
-26491
-26536
-26545
-26559
-26582
-26589
-26610
-26617
-26643
-26639
-26678
-26686
-26698
-26716
-26747
-26737
-26765
-26788
-26811
-26819
-26829
-26848
-26844
-26868
-26899
-26910
-26921
-26947
-26959
-26948
-26978
-26974
-27011
-27011
-27047
-27037
-27066
-27075
-27106
-27111
-27142
-27137
-27177
-27184
-27178
-27204
-27224
-27234
-27240
-27265
-27297
-27283
-27308
-27334
-27350
-27354
-27366
-27389
-27392
-27398
-27430
-27460
-27461
-27477
-27499
-27525
-27526
-27544
-27570
-27575
-27607
-27603
-27631
-27654
-27656
-27659
-27688
-27709
-27705
-27735
-27740
-27760
-27785
-27777
-27788
-27795
-27825
-27830
-27868
-27893
-27895
-27914
-27935
-27944
-27970
-27965
-27998
-28020
-28026
-28035
-28023
-28057
-28080
-28089
-28104
-28104
-28144
-28145
-28162
-28179
-28200
-28213
-28227
-28249
-28245
-28268
-28300
-28304
-28329
-28343
-28365
-28367
-28374
-28419
-28408
-28427
-28428
-28455
-28475
-28490
-28496
-28505
-28516
-28523
-28567
-28560
-28574
-28614
-28627
-28643
-28646
-28691
-28688
-28691
-28722
-28739
-28753
-28766
-28774
-28785
-28782
-28803
-28813
-28844
-28850
-28879
-28886
-28902
-28916
-28945
-28962
-28963
-28973
-29010
-29020
-29047
-29044
-29055
-29056
-29100
-29100
-29116
-29148
-29136
-29145
-29164
