 -13221 -16355
 -13215 -16345
 -13213 -16356
 -13216 -16343
 -13200 -16335
 -13204 -16335
 -13191 -16333
 -13190 -16317
 -13179 -16303
 -13175 -16296
 -13163 -16287
 -13155 -16281
 -13140 -16260
 -13143 -16247
 -13124 -16233
 -13118 -16220
 -13102 -16199
 -13094 -16190
 -13081 -16183
 -13073 -16166
 -13063 -16148
 -13045 -16146
 -13032 -16117
 -13026 -16115
 -13010 -16096
 -12999 -16078
 -12990 -16069
 -12972 -16051
 -12959 -16036
 -12954 -16023
 -12934 -15998
 -12922 -15979
 -12916 -15970
 -12902 -15956
 -12884 -15931
 -12875 -15918
 -12862 -15895
 -12845 -15888
 -12834 -15866
 -12825 -15854
 -12809 -15846
 -12805 -15833
 -12780 -15808
 -12766 -15794
 -12765 -15785
 -12742 -15763
 -12736 -15746
 -12733 -15748
 -12710 -15714
 -12695 -15710
 -12683 -15700
 -12670 -15669
 -12658 -15654
 -12647 -15638
 -12624 -15614
 -12624 -15604
 -12607 -15587
 -12593 -15578
 -12583 -15554
 -12567 -15538
 -12556 -15513
 -12547 -15505
 -12534 -15498
 -12516 -15475
 -12509 -15477
 -12495 -15452
 -12478 -15432
 -12476 -15418
 -12458 -15419
 -12442 -15386
 -12426 -15373
 -12418 -15357
 -12403 -15339
 -12393 -15319
 -12379 -15302
 -12372 -15286
 -12351 -15269
 -12346 -15253
 -12326 -15238
 -12312 -15216
 -12301 -15209
 -12293 -15196
 -12282 -15179
 -12267 -15164
 -12254 -15150
 -12240 -15126
 -12224 -15107
 -12216 -15089
 -12191 -15085
 -12194 -15068
 -12171 -15049
 -12164 -15031
 -12144 -15010
 -12131 -14997
 -12122 -14982
 -12110 -14966
 -12096 -14945
 -12086 -14921
 -12066 -14918
 -12055 -14898
 -12040 -14881
 -12034 -14868
 -12022 -14862
 -12014 -14847
 -11999 -14832
 -11982 -14819
 -11974 -14804
 -11961 -14797
 -11937 -14776
 -11926 -14755
 -11918 -14734
 -11906 -14725
 -11896 -14693
 -11885 -14678
 -11872 -14658
 -11848 -14641
 -11845 -14641
 -11837 -14617
 -11820 -14597
 -11808 -14577
 -11789 -14575
 -11785 -14560
 -11772 -14541
 -11752 -14525
 -11743 -14505
 -11732 -14495
 -11717 -14483
 -11700 -14463
 -11686 -14442
 -11672 -14424
 -11661 -14421
 -11651 -14404
 -11638 -14377
 -11625 -14376
 -11613 -14352
 -11593 -14336
 -11582 -14314
 -11580 -14296
 -11558 -14278
 -11548 -14268
 -11541 -14256
 -11523 -14245
 -11505 -14238
 -11496 -14210
 -11480 -14192
 -11474 -14181
 -11450 -14161
 -11444 -14140
 -11435 -14126
 -11429 -14111
 -11412 -14093
 -11389 -14085
 -11382 -14057
 -11368 -14041
 -11358 -14025
 -11339 -14007
 -11332 -13991
 -11326 -13975
 -11304 -13961
 -11292 -13950
 -11277 -13935
 -11270 -13909
 -11245 -13908
 -11241 -13901
 -11230 -13876
 -11212 -13856
 -11201 -13847
 -11186 -13828
 -11179 -13817
 -11161 -13806
 -11159 -13777
 -11140 -13766
 -11128 -13744
 -11119 -13726
 -11110 -13717
 -11085 -13699
 -11079 -13686
 -11064 -13654
 -11053 -13655
 -11040 -13619
 -11022 -13612
 -11015 -13599
 -10992 -13583
 -10979 -13577
 -10973 -13555
 -10959 -13547
 -10957 -13524
 -10939 -13512
 -10925 -13500
 -10904 -13479
 -10900 -13461
 -10886 -13444
 -10876 -13418
 -10858 -13406
 -10848 -13386
 -10822 -13378
 -10822 -13365
 -10803 -13355
 -10793 -13336
 -10787 -13315
 -10761 -13302
 -10758 -13278
 -10741 -13282
 -10734 -13256
 -10712 -13230
 -10705 -13232
 -10695 -13208
 -10675 -13197
 -10674 -13181
 -10654 -13156
 -10645 -13155
 -10628 -13114
 -10614 -13109
 -10594 -13089
 -10589 -13084
 -10580 -13053
 -10565 -13044
 -10549 -13033
 -10539 -13009
 -10522 -12988
 -10517 -12990
 -10499 -12963
 -10483 -12964
 -10468 -12947
 -10459 -12921
 -10445 -12914
 -10441 -12902
 -10430 -12868
 -10414 -12861
 -10397 -12846
 -10394 -12833
 -10371 -12816
 -10360 -12782
 -10346 -12779
 -10338 -12759
 -10329 -12749
 -10310 -12728
 -10292 -12715
 -10288 -12687
 -10271 -12681
 -10260 -12661
 -10247 -12651
 -10237 -12637
 -10221 -12624
 -10205 -12613
 -10205 -12590
 -10179 -12581
 -10167 -12558
 -10156 -12539
 -10146 -12524
 -10123 -12510
 -10116 -12490
 -10104 -12465
 -10088 -12457
 -10080 -12436
 -10064 -12420
 -10047 -12402
 -10036 -12391
 -10021 -12381
 -10019 -12360
  -9999 -12343
  -9990 -12328
  -9971 -12322
  -9962 -12304
  -9949 -12289
  -9936 -12266
  -9928 -12255
  -9915 -12243
  -9901 -12231
  -9890 -12208
  -9871 -12189
  -9865 -12185
  -9845 -12162
  -9834 -12134
  -9824 -12112
  -9802 -12095
  -9797 -12098
  -9783 -12076
  -9776 -12047
  -9767 -12039
  -9750 -12019
  -9738 -12003
  -9718 -12000
  -9705 -11990
  -9693 -11976
  -9683 -11957
  -9674 -11936
  -9662 -11925
  -9644 -11900
  -9633 -11900
  -9617 -11882
  -9602 -11860
  -9593 -11844
  -9577 -11829
  -9566 -11805
  -9560 -11782
  -9540 -11777
  -9526 -11752
  -9514 -11745
  -9504 -11715
  -9490 -11719
  -9476 -11696
  -9466 -11689
  -9457 -11678
  -9440 -11647
  -9425 -11649
  -9414 -11619
  -9409 -11607
  -9387 -11592
  -9381 -11579
  -9360 -11545
  -9346 -11536
  -9337 -11523
  -9324 -11499
  -9307 -11485
  -9303 -11463
  -9295 -11445
  -9272 -11434
  -9263 -11419
  -9247 -11411
  -9227 -11396
  -9227 -11374
  -9214 -11367
  -9200 -11347
  -9180 -11328
  -9168 -11315
  -9158 -11303
  -9149 -11295
  -9128 -11263
  -9117 -11260
  -9102 -11240
  -9098 -11220
  -9080 -11200
  -9076 -11185
  -9061 -11174
  -9047 -11150
  -9037 -11139
  -9024 -11107
  -9006 -11095
  -8998 -11085
  -8975 -11067
  -8965 -11060
  -8961 -11046
  -8936 -11026
  -8927 -11016
  -8916 -11004
  -8898 -10990
  -8893 -10974
  -8877 -10953
  -8863 -10937
  -8849 -10926
  -8844 -10906
  -8828 -10879
  -8822 -10864
  -8797 -10856
  -8784 -10824
  -8778 -10817
  -8770 -10803
  -8753 -10780
  -8737 -10777
  -8727 -10752
  -8716 -10736
  -8700 -10729
  -8687 -10725
  -8677 -10710
  -8663 -10686
  -8647 -10668
  -8637 -10657
  -8621 -10651
  -8611 -10627
  -8603 -10605
  -8582 -10588
  -8571 -10566
  -8559 -10548
  -8551 -10528
  -8532 -10516
  -8522 -10500
  -8503 -10484
  -8497 -10473
  -8481 -10451
  -8475 -10439
  -8454 -10420
  -8439 -10410
  -8432 -10383
  -8428 -10383
  -8411 -10362
  -8384 -10343
  -8385 -10336
  -8366 -10314
  -8357 -10306
  -8340 -10289
  -8324 -10262
  -8314 -10244
  -8303 -10224
  -8291 -10213
  -8275 -10201
  -8267 -10183
  -8255 -10165
  -8239 -10156
  -8228 -10133
  -8212 -10114
  -8204 -10104
  -8191 -10102
  -8176 -10073
  -8165 -10065
  -8157 -10052
  -8139 -10033
  -8132 -10016
  -8115 -10006
  -8094  -9980
  -8089  -9966
  -8075  -9948
  -8060  -9920
  -8053  -9916
  -8039  -9890
  -8026  -9885
  -8008  -9854
  -8007  -9853
  -7989  -9840
  -7977  -9825
  -7969  -9806
  -7949  -9790
  -7934  -9771
  -7923  -9766
  -7909  -9745
  -7899  -9729
  -7887  -9719
  -7873  -9707
  -7862  -9676
  -7840  -9659
  -7827  -9648
  -7816  -9624
  -7802  -9604
  -7794  -9590
  -7778  -9584
  -7765  -9568
  -7761  -9552
  -7748  -9531
  -7733  -9513
  -7725  -9505
  -7699  -9489
  -7689  -9476
  -7676  -9450
  -7668  -9445
  -7648  -9419
  -7640  -9400
  -7625  -9399
  -7611  -9377
  -7600  -9355
  -7590  -9342
  -7582  -9325
  -7567  -9306
  -7545  -9299
  -7543  -9274
  -7530  -9261
  -7512  -9236
  -7502  -9225
  -7485  -9214
  -7475  -9195
  -7454  -9181
  -7445  -9168
  -7432  -9144
  -7425  -9144
  -7413  -9132
  -7401  -9111
  -7384  -9091
  -7373  -9071
  -7365  -9063
  -7344  -9041
  -7337  -9036
  -7308  -9006
  -7308  -8991
  -7289  -8979
  -7287  -8962
  -7273  -8953
  -7259  -8923
  -7249  -8920
  -7233  -8902
  -7223  -8879
  -7211  -8864
  -7197  -8844
  -7182  -8833
  -7167  -8823
  -7162  -8803
  -7144  -8781
  -7129  -8783
  -7114  -8754
  -7104  -8734
  -7091  -8731
  -7073  -8714
  -7066  -8691
  -7048  -8669
  -7037  -8654
  -7030  -8635
  -7014  -8624
  -7005  -8613
  -6991  -8593
  -6978  -8577
  -6957  -8565
  -6943  -8540
  -6936  -8525
  -6929  -8519
  -6916  -8495
  -6901  -8491
  -6888  -8472
  -6872  -8452
  -6865  -8452
  -6843  -8427
  -6841  -8410
  -6825  -8392
  -6812  -8367
  -6801  -8366
  -6795  -8338
  -6781  -8326
  -6758  -8299
  -6740  -8286
  -6735  -8273
  -6721  -8262
  -6707  -8244
  -6698  -8220
  -6683  -8206
  -6668  -8191
  -6659  -8181
  -6647  -8164
  -6636  -8150
  -6621  -8133
  -6604  -8113
  -6592  -8096
  -6583  -8088
  -6574  -8069
  -6560  -8045
  -6545  -8049
  -6536  -8020
  -6527  -8009
  -6508  -7982
  -6491  -7975
  -6476  -7953
  -6465  -7940
  -6452  -7931
  -6444  -7909
  -6432  -7898
  -6417  -7886
  -6404  -7860
  -6397  -7856
  -6375  -7841
  -6360  -7819
  -6352  -7792
  -6336  -7779
  -6327  -7771
  -6322  -7748
  -6301  -7738
  -6286  -7715
  -6279  -7707
  -6261  -7689
  -6253  -7668
  -6246  -7657
  -6226  -7637
  -6219  -7622
  -6205  -7602
  -6193  -7598
  -6174  -7566
  -6154  -7562
  -6147  -7536
  -6128  -7529
  -6123  -7515
  -6109  -7507
  -6104  -7481
  -6088  -7460
  -6065  -7468
  -6062  -7446
  -6034  -7418
  -6026  -7399
  -6020  -7385
  -6007  -7365
  -5989  -7358
  -5981  -7336
  -5967  -7317
  -5953  -7312
  -5945  -7292
  -5933  -7273
  -5914  -7251
  -5897  -7240
  -5893  -7225
  -5875  -7221
  -5878  -7190
  -5851  -7184
  -5839  -7164
  -5831  -7152
  -5820  -7126
  -5811  -7122
  -5785  -7108
  -5782  -7088
  -5766  -7067
  -5759  -7050
  -5746  -7035
  -5729  -7020
  -5720  -6998
  -5704  -6985
  -5692  -6964
  -5686  -6959
  -5668  -6937
  -5655  -6924
  -5644  -6898
  -5628  -6893
  -5614  -6875
  -5599  -6864
  -5593  -6848
  -5577  -6838
  -5567  -6815
  -5548  -6800
  -5538  -6785
  -5522  -6776
  -5505  -6752
  -5499  -6743
  -5490  -6713
  -5479  -6704
  -5461  -6685
  -5449  -6666
  -5437  -6652
  -5418  -6629
  -5408  -6609
  -5392  -6599
  -5386  -6588
  -5372  -6571
  -5366  -6557
  -5346  -6543
  -5331  -6530
  -5330  -6513
  -5312  -6495
  -5297  -6485
  -5286  -6463
  -5274  -6451
  -5254  -6433
  -5245  -6410
  -5231  -6401
  -5214  -6376
  -5204  -6363
  -5197  -6351
  -5181  -6335
  -5165  -6314
  -5156  -6304
  -5132  -6274
  -5128  -6263
  -5121  -6256
  -5109  -6246
  -5095  -6227
  -5071  -6209
  -5060  -6188
  -5055  -6175
  -5036  -6164
  -5027  -6151
  -5021  -6131
  -4998  -6116
  -4988  -6090
  -4978  -6081
  -4966  -6061
  -4952  -6045
  -4944  -6026
  -4923  -6012
  -4911  -6007
  -4893  -5980
  -4888  -5959
  -4867  -5951
  -4856  -5933
  -4852  -5919
  -4830  -5907
  -4822  -5893
  -4815  -5883
  -4796  -5861
  -4787  -5848
  -4775  -5832
  -4753  -5814
  -4747  -5797
  -4737  -5781
  -4713  -5765
  -4702  -5744
  -4690  -5728
  -4682  -5712
  -4663  -5694
  -4657  -5678
  -4644  -5659
  -4630  -5641
  -4615  -5634
  -4606  -5621
  -4592  -5597
  -4581  -5598
  -4566  -5574
  -4555  -5559
  -4539  -5539
  -4521  -5526
  -4514  -5508
  -4511  -5487
  -4490  -5476
  -4484  -5457
  -4465  -5439
  -4450  -5429
  -4435  -5405
  -4423  -5389
  -4414  -5377
  -4403  -5365
  -4389  -5349
  -4381  -5329
  -4367  -5305
  -4357  -5302
  -4340  -5283
  -4333  -5274
  -4323  -5261
  -4307  -5243
  -4289  -5232
  -4282  -5208
  -4265  -5198
  -4253  -5171
  -4236  -5160
  -4229  -5144
  -4210  -5117
  -4195  -5117
  -4191  -5093
  -4173  -5077
  -4158  -5059
  -4146  -5046
  -4127  -5031
  -4121  -5011
  -4112  -4995
  -4094  -4988
  -4087  -4977
  -4072  -4946
  -4058  -4942
  -4042  -4923
  -4033  -4922
  -4016  -4880
  -4008  -4870
  -3992  -4852
  -3979  -4847
  -3961  -4811
  -3958  -4807
  -3946  -4782
  -3931  -4764
  -3917  -4762
  -3904  -4734
  -3900  -4720
  -3877  -4711
  -3868  -4692
  -3854  -4677
  -3841  -4663
  -3826  -4654
  -3820  -4626
  -3808  -4613
  -3792  -4599
  -3773  -4581
  -3759  -4565
  -3760  -4553
  -3739  -4539
  -3727  -4515
  -3716  -4501
  -3697  -4484
  -3678  -4470
  -3662  -4454
  -3665  -4438
  -3649  -4426
  -3636  -4405
  -3620  -4391
  -3607  -4383
  -3597  -4365
  -3589  -4344
  -3574  -4332
  -3560  -4318
  -3553  -4300
  -3541  -4285
  -3525  -4271
  -3512  -4252
  -3499  -4241
  -3483  -4220
  -3468  -4203
  -3461  -4193
  -3451  -4167
  -3431  -4154
  -3426  -4139
  -3401  -4128
  -3397  -4108
  -3385  -4083
  -3369  -4077
  -3360  -4053
  -3341  -4039
  -3333  -4028
  -3318  -4006
  -3309  -3994
  -3293  -3988
  -3288  -3968
  -3270  -3951
  -3254  -3931
  -3238  -3919
  -3215  -3898
  -3207  -3883
  -3199  -3867
  -3194  -3847
  -3175  -3837
  -3164  -3811
  -3158  -3800
  -3145  -3786
  -3124  -3773
  -3111  -3754
  -3106  -3745
  -3091  -3726
  -3081  -3705
  -3057  -3699
  -3049  -3678
  -3035  -3663
  -3019  -3652
  -3019  -3631
  -3003  -3621
  -2982  -3596
  -2975  -3578
  -2964  -3555
  -2949  -3549
  -2941  -3526
  -2916  -3514
  -2913  -3498
  -2903  -3481
  -2883  -3468
  -2871  -3445
  -2858  -3437
  -2843  -3418
  -2839  -3404
  -2823  -3386
  -2810  -3384
  -2798  -3366
  -2784  -3339
  -2767  -3326
  -2758  -3317
  -2740  -3293
  -2733  -3283
  -2719  -3266
  -2709  -3253
  -2689  -3241
  -2685  -3211
  -2675  -3200
  -2648  -3183
  -2636  -3166
  -2637  -3146
  -2620  -3136
  -2603  -3126
  -2591  -3105
  -2579  -3093
  -2569  -3071
  -2547  -3056
  -2549  -3044
  -2521  -3026
  -2517  -3008
  -2500  -2992
  -2488  -2978
  -2473  -2959
  -2456  -2944
  -2449  -2936
  -2430  -2904
  -2420  -2889
  -2404  -2876
  -2404  -2855
  -2384  -2841
  -2371  -2831
  -2362  -2809
  -2346  -2797
  -2329  -2787
  -2325  -2769
  -2315  -2751
  -2299  -2743
  -2286  -2729
  -2276  -2704
  -2255  -2692
  -2252  -2669
  -2230  -2662
  -2223  -2643
  -2200  -2620
  -2191  -2602
  -2183  -2594
  -2167  -2575
  -2154  -2558
  -2142  -2539
  -2129  -2530
  -2116  -2512
  -2103  -2497
  -2090  -2479
  -2081  -2469
  -2074  -2446
  -2055  -2435
  -2049  -2417
  -2034  -2400
  -2015  -2387
  -2010  -2373
  -1994  -2364
  -1975  -2339
  -1962  -2327
  -1957  -2312
  -1943  -2290
  -1926  -2269
  -1914  -2254
  -1899  -2241
  -1887  -2232
  -1873  -2209
  -1861  -2206
  -1844  -2182
  -1845  -2169
  -1828  -2151
  -1822  -2133
  -1801  -2116
  -1786  -2098
  -1770  -2097
  -1759  -2074
  -1748  -2059
  -1730  -2040
  -1725  -2019
  -1706  -2004
  -1693  -1993
  -1678  -1973
  -1669  -1967
  -1665  -1946
  -1643  -1926
  -1635  -1907
  -1627  -1891
  -1607  -1871
  -1593  -1861
  -1588  -1848
  -1567  -1820
  -1562  -1810
  -1548  -1790
  -1529  -1788
  -1510  -1768
  -1506  -1747
  -1489  -1744
  -1477  -1719
  -1466  -1702
  -1452  -1681
  -1437  -1676
  -1429  -1654
  -1415  -1631
  -1399  -1621
  -1391  -1595
  -1378  -1584
  -1370  -1575
  -1356  -1558
  -1338  -1540
  -1330  -1534
  -1318  -1512
  -1303  -1492
  -1283  -1486
  -1274  -1472
  -1270  -1453
  -1251  -1437
  -1235  -1420
  -1228  -1395
  -1209  -1394
  -1192  -1369
  -1190  -1353
  -1170  -1337
  -1167  -1323
  -1156  -1306
  -1135  -1297
  -1126  -1270
  -1116  -1256
  -1101  -1242
  -1084  -1223
  -1078  -1216
  -1060  -1190
  -1049  -1175
  -1031  -1161
  -1022  -1149
  -1003  -1133
   -992  -1109
   -981  -1100
   -971  -1082
   -953  -1069
   -946  -1054
   -933  -1039
   -919  -1014
   -901  -1007
   -887   -984
   -879   -973
   -868   -951
   -858   -937
   -844   -919
   -831   -898
   -810   -889
   -802   -878
   -785   -861
   -781   -836
   -758   -831
   -747   -811
   -736   -797
   -723   -784
   -720   -758
   -694   -745
   -688   -735
   -676   -714
   -667   -694
   -644   -687
   -637   -669
   -629   -649
   -612   -634
   -592   -620
   -591   -599
   -580   -586
   -566   -572
   -545   -560
   -535   -541
   -518   -533
   -506   -516
   -498   -495
   -479   -475
   -468   -458
   -453   -445
   -444   -430
   -434   -411
   -417   -401
   -409   -391
   -397   -362
   -380   -346
   -368   -319
   -355   -319
   -334   -303
   -327   -284
   -325   -272
   -303   -259
   -289   -241
   -274   -217
   -269   -201
   -249   -196
   -237   -180
   -223   -154
   -209   -147
   -211   -118
   -189   -100
   -179    -89
   -156    -75
   -145    -60
   -133    -44
   -124    -24
   -109    -14
   -104      4
    -84     22
    -71     35
    -62     52
    -53     72
    -38     87
    -20     99
     -9    113
      5    133
     18    142
     23    159
     44    167
     56    199
     69    205
     75    227
     93    241
    105    259
    110    278
    135    282
    149    298
    158    325
    173    337
    181    346
    198    371
    215    380
    218    404
    231    414
    248    434
    253    448
    271    467
    283    470
    300    498
    303    519
    316    529
    336    542
    343    553
    361    577
    368    592
    383    599
    390    623
    408    648
    415    654
    433    673
    451    684
    463    708
    475    722
    488    737
    498    749
    509    767
    531    776
    540    801
    550    816
    563    825
    574    848
    592    865
    605    875
    623    895
    625    906
    645    925
    651    931
    663    950
    680    970
    695    988
    704   1015
    720   1023
    725   1038
    740   1051
    752   1076
    769   1080
    783   1099
    796   1125
    810   1131
    823   1146
    836   1167
    849   1179
    855   1198
    877   1209
    881   1228
    900   1252
    905   1258
    928   1278
    930   1292
    948   1302
    958   1318
    970   1334
    976   1358
   1003   1369
   1006   1389
   1024   1404
   1035   1418
   1046   1432
   1063   1450
   1071   1460
   1089   1481
   1105   1495
   1111   1506
   1125   1524
   1135   1541
   1153   1562
   1159   1576
   1174   1590
   1189   1612
   1209   1618
   1212   1641
   1229   1658
   1242   1660
   1255   1687
   1264   1708
   1281   1722
   1289   1736
   1306   1754
   1318   1773
   1335   1783
   1341   1795
   1354   1822
   1368   1837
   1377   1847
   1396   1862
   1401   1881
   1421   1903
   1431   1909
   1446   1917
   1451   1943
   1459   1960
   1484   1977
   1496   1998
   1509   2009
   1524   2026
   1542   2037
   1546   2049
   1567   2068
   1573   2085
   1580   2099
   1597   2124
   1616   2137
   1627   2154
   1634   2161
   1643   2181
   1666   2195
   1672   2220
   1691   2221
   1703   2242
   1713   2259
   1730   2278
   1732   2298
   1756   2306
   1761   2329
   1783   2343
   1799   2350
   1799   2379
   1818   2387
   1823   2403
   1838   2422
   1859   2436
   1863   2452
   1870   2468
   1897   2485
   1905   2504
   1914   2517
   1929   2527
   1941   2544
   1956   2567
   1970   2573
   1976   2595
   1985   2620
   2005   2622
   2020   2643
   2038   2663
   2042   2677
   2051   2695
   2063   2706
   2089   2721
   2097   2734
   2115   2756
   2118   2773
   2132   2784
   2133   2802
   2162   2818
   2176   2842
   2189   2846
   2202   2861
   2214   2881
   2231   2891
   2228   2908
   2257   2931
   2259   2945
   2275   2965
   2288   2981
   2302   2995
   2313   3006
   2329   3024
   2343   3041
   2354   3066
   2363   3074
   2384   3087
   2393   3103
   2402   3123
   2412   3137
   2428   3158
   2443   3174
   2455   3180
   2466   3199
   2482   3217
   2496   3234
   2506   3249
   2521   3270
   2525   3277
   2541   3292
   2553   3316
   2568   3325
   2581   3343
   2589   3354
   2607   3363
   2616   3386
   2638   3400
   2644   3423
   2657   3439
   2662   3449
   2680   3463
   2697   3481
   2710   3503
   2723   3517
   2727   3540
   2746   3545
   2760   3560
   2772   3577
   2779   3599
   2803   3613
   2814   3628
   2823   3648
   2848   3672
   2851   3677
   2863   3696
   2870   3711
   2888   3727
   2897   3740
   2909   3754
   2930   3775
   2939   3780
   2952   3804
   2964   3827
   2983   3841
   2994   3856
   3005   3871
   3016   3886
   3031   3896
   3048   3918
   3061   3927
   3060   3949
   3082   3963
   3093   3979
   3104   3997
   3122   4014
   3129   4029
   3155   4040
   3156   4061
   3168   4070
   3185   4097
   3193   4104
   3205   4120
   3229   4138
   3225   4160
   3243   4166
   3261   4183
   3278   4210
   3283   4219
   3292   4245
   3311   4250
   3322   4268
   3340   4285
   3353   4295
   3360   4311
   3371   4337
   3385   4342
   3398   4361
   3408   4372
   3418   4392
   3440   4410
   3447   4421
   3457   4444
   3482   4459
   3489   4464
   3504   4487
   3515   4500
   3529   4523
   3536   4540
   3555   4557
   3565   4577
   3575   4586
   3589   4603
   3610   4615
   3621   4626
   3629   4654
   3642   4662
   3658   4682
   3668   4697
   3684   4708
   3698   4726
   3708   4741
   3720   4763
   3729   4784
   3748   4800
   3757   4810
   3767   4817
   3782   4846
   3795   4858
   3805   4869
   3812   4890
   3827   4904
   3846   4918
   3866   4928
   3879   4943
   3884   4961
   3909   4980
   3909   4997
   3925   5019
   3932   5035
   3955   5046
   3964   5066
   3977   5075
   3983   5089
   4001   5110
   4015   5127
   4019   5139
   4039   5151
   4045   5169
   4062   5188
   4073   5203
   4089   5223
   4101   5234
   4110   5259
   4123   5275
   4137   5281
   4150   5297
   4166   5313
   4177   5332
   4191   5339
   4205   5358
   4221   5375
   4224   5404
   4238   5407
   4268   5430
   4265   5441
   4280   5465
   4298   5470
   4304   5492
   4326   5504
   4330   5529
   4341   5534
   4358   5557
   4366   5571
   4381   5592
   4393   5598
   4410   5616
   4425   5630
   4431   5650
   4451   5660
   4460   5688
   4479   5695
   4480   5724
   4501   5733
   4511   5745
   4522   5765
   4534   5781
   4547   5799
   4565   5806
   4571   5828
   4581   5831
   4599   5858
   4607   5873
   4625   5893
   4640   5909
   4653   5917
   4674   5940
   4682   5954
   4690   5976
   4704   5990
   4718   5998
   4733   6021
   4741   6038
   4755   6047
   4764   6068
   4782   6084
   4794   6100
   4796   6113
   4817   6123
   4826   6146
   4847   6161
   4854   6182
   4872   6193
   4881   6208
   4894   6219
   4908   6238
   4917   6253
   4940   6278
   4946   6288
   4959   6304
   4977   6316
   4988   6336
   4994   6354
   5014   6364
   5023   6383
   5032   6401
   5049   6406
   5058   6434
   5071   6444
   5087   6455
   5093   6475
   5110   6490
   5127   6506
   5136   6528
   5148   6541
   5168   6560
   5177   6575
   5184   6595
   5198   6605
   5213   6626
   5227   6637
   5244   6657
   5250   6671
   5272   6693
   5285   6708
   5294   6716
   5305   6735
   5318   6752
   5330   6760
   5338   6780
   5355   6793
   5364   6809
   5383   6826
   5395   6845
   5405   6866
   5422   6873
   5426   6893
   5451   6904
   5460   6924
   5476   6936
   5484   6956
   5493   6970
   5504   6991
   5518   7004
   5536   7026
   5543   7029
   5561   7052
   5568   7069
   5579   7089
   5598   7101
   5612   7115
   5625   7126
   5629   7145
   5649   7163
   5661   7178
   5679   7188
   5684   7205
   5697   7224
   5712   7244
   5722   7249
   5741   7269
   5753   7282
   5760   7309
   5776   7326
   5790   7331
   5805   7351
   5813   7365
   5828   7382
   5842   7399
   5857   7416
   5863   7433
   5884   7451
   5898   7463
   5909   7483
   5907   7504
   5931   7509
   5935   7531
   5955   7546
   5966   7561
   5978   7576
   5992   7595
   6006   7604
   6017   7626
   6034   7637
   6041   7655
   6061   7676
   6075   7691
   6081   7706
   6089   7725
   6115   7736
   6124   7752
   6137   7774
   6152   7792
   6165   7798
   6172   7814
   6193   7830
   6197   7846
   6208   7872
   6223   7877
   6239   7897
   6255   7904
   6264   7930
   6275   7943
   6287   7952
   6298   7971
   6309   7988
   6331   8018
   6339   8020
   6359   8043
   6357   8059
   6379   8077
   6391   8088
   6405   8102
   6421   8120
   6424   8133
   6440   8151
   6460   8168
   6466   8184
   6478   8189
   6491   8209
   6502   8227
   6524   8237
   6533   8266
   6544   8278
   6559   8292
   6574   8312
   6582   8326
   6596   8338
   6603   8356
   6624   8372
   6637   8388
   6644   8412
   6658   8422
   6675   8432
   6679   8454
   6695   8472
   6716   8482
   6728   8497
   6731   8511
   6744   8535
   6759   8547
   6777   8566
   6785   8587
   6807   8600
   6818   8608
   6827   8632
   6836   8649
   6847   8659
   6867   8677
   6882   8695
   6886   8709
   6898   8723
   6918   8741
   6931   8757
   6943   8769
   6954   8782
   6963   8803
   6978   8824
   7000   8837
   7006   8848
   7020   8875
   7035   8881
   7044   8901
   7059   8915
   7074   8930
   7084   8948
   7096   8967
   7104   8979
   7120   8996
   7127   9009
   7147   9025
   7152   9045
   7168   9059
   7183   9070
   7196   9094
   7208   9114
   7217   9119
   7233   9139
   7251   9154
   7258   9168
   7275   9185
   7289   9200
   7294   9210
   7301   9234
   7318   9244
   7333   9263
   7348   9280
   7361   9298
   7375   9307
   7384   9328
   7405   9347
   7411   9356
   7426   9376
   7445   9389
   7452   9410
   7467   9422
   7486   9434
   7493   9448
   7503   9467
   7512   9492
   7529   9507
   7544   9526
   7548   9543
   7569   9558
   7581   9575
   7591   9588
   7600   9602
   7618   9615
   7625   9636
   7644   9648
   7659   9664
   7668   9678
   7684   9700
   7692   9710
   7707   9726
   7721   9734
   7735   9756
   7751   9779
   7757   9794
   7772   9799
   7778   9828
   7798   9841
   7811   9863
   7827   9864
   7835   9874
   7841   9899
   7858   9919
   7871   9937
   7893   9950
   7892   9970
   7908   9976
   7920   9987
   7931  10014
   7945  10025
   7955  10036
   7984  10061
   7988  10082
   8002  10089
   8015  10113
   8025  10122
   8039  10142
   8054  10162
   8065  10181
   8080  10189
   8094  10208
   8102  10216
   8118  10247
   8129  10255
   8144  10268
   8157  10282
   8165  10294
   8182  10318
   8191  10337
   8207  10348
   8226  10361
   8229  10369
   8253  10398
   8260  10405
   8269  10425
   8285  10443
   8293  10459
   8306  10477
   8320  10489
   8333  10511
   8346  10526
   8354  10540
   8368  10555
   8387  10568
   8397  10588
   8406  10597
   8424  10621
   8437  10629
   8451  10654
   8467  10668
   8473  10681
   8485  10695
   8502  10718
   8515  10732
   8530  10751
   8543  10757
   8551  10777
   8560  10799
   8579  10802
   8590  10829
   8599  10837
   8607  10860
   8626  10880
   8640  10893
   8648  10909
   8665  10918
   8676  10935
   8687  10952
   8698  10968
   8715  10979
   8733  10999
   8738  11010
   8755  11028
   8768  11041
   8772  11057
   8791  11075
   8804  11092
   8812  11108
   8835  11129
   8840  11142
   8858  11157
   8876  11177
   8886  11187
   8896  11209
   8902  11219
   8920  11231
   8933  11256
   8947  11263
   8962  11287
   8971  11301
   8984  11322
   8993  11341
   9014  11348
   9025  11372
   9028  11388
   9050  11399
   9064  11415
   9073  11432
   9091  11456
   9099  11464
   9108  11482
   9118  11500
   9134  11509
   9146  11527
   9162  11548
   9172  11560
   9187  11577
   9198  11593
   9219  11608
   9231  11622
   9247  11642
   9262  11650
   9264  11666
   9285  11686
   9289  11705
   9306  11712
   9319  11738
   9333  11744
   9348  11762
   9358  11779
   9368  11793
   9372  11810
   9392  11831
   9402  11840
   9424  11860
   9429  11872
   9440  11890
   9452  11897
   9470  11924
   9483  11934
   9497  11953
   9503  11958
   9525  11978
   9537  12000
   9543  12019
   9562  12040
   9572  12053
   9590  12067
   9600  12084
   9612  12099
   9621  12117
   9638  12137
   9649  12152
   9661  12169
   9680  12187
   9684  12199
   9700  12211
   9711  12226
   9722  12243
   9746  12264
   9752  12278
   9769  12292
   9780  12306
   9793  12315
   9801  12346
   9817  12360
   9829  12367
   9838  12383
   9851  12405
   9868  12412
   9878  12431
   9893  12452
   9901  12471
   9920  12482
   9928  12499
   9949  12512
   9960  12528
   9969  12550
   9984  12559
   9994  12574
  10005  12589
  10025  12611
  10036  12631
  10053  12642
  10062  12654
  10079  12673
  10080  12691
  10096  12717
  10114  12726
  10120  12741
  10142  12752
  10150  12768
  10156  12790
  10175  12797
  10182  12820
  10200  12834
  10210  12842
  10225  12856
  10238  12877
  10245  12897
  10263  12910
  10278  12923
  10291  12937
  10298  12957
  10317  12970
  10326  12982
  10333  13003
  10353  13023
  10367  13038
  10382  13047
  10391  13075
  10400  13092
  10411  13098
  10427  13120
  10448  13136
  10453  13153
  10464  13169
  10484  13182
  10490  13197
  10507  13211
  10522  13227
  10529  13245
  10550  13261
  10560  13278
  10571  13289
  10580  13307
  10595  13330
  10603  13350
  10623  13359
  10633  13376
  10643  13391
  10660  13400
  10676  13422
  10681  13433
  10697  13452
  10717  13465
  10726  13484
  10737  13491
  10742  13520
  10763  13530
  10780  13551
  10785  13564
  10796  13578
  10819  13600
  10827  13610
  10839  13634
  10851  13646
  10870  13665
  10875  13680
  10893  13688
  10896  13706
  10915  13728
  10923  13743
  10941  13753
  10948  13774
  10967  13787
  10979  13802
  10991  13816
  11013  13840
  11016  13850
  11031  13871
  11047  13883
  11059  13899
  11073  13917
  11076  13923
  11098  13944
  11108  13961
  11117  13969
  11131  13990
  11146  14001
  11154  14023
  11172  14037
  11182  14064
  11197  14079
  11211  14083
  11217  14110
  11230  14126
  11253  14140
  11267  14155
  11271  14166
  11289  14188
  11299  14196
  11313  14222
  11318  14237
  11334  14251
  11354  14269
  11359  14285
  11365  14301
  11390  14314
  11404  14327
  11405  14346
  11426  14355
  11436  14376
  11451  14393
  11466  14413
  11479  14432
  11490  14446
  11501  14457
  11516  14473
  11534  14483
  11551  14507
  11558  14526
  11576  14534
  11578  14547
  11588  14573
  11611  14578
  11611  14597
  11625  14614
  11642  14626
  11659  14651
  11672  14661
  11686  14679
  11698  14697
  11714  14704
  11716  14726
  11733  14735
  11751  14750
  11754  14771
  11771  14780
  11784  14803
  11804  14817
  11813  14838
  11822  14847
  11838  14872
  11842  14887
  11862  14905
  11871  14908
  11886  14926
  11896  14946
  11910  14963
  11933  14984
  11933  14993
  11944  15018
  11963  15024
  11978  15043
  11984  15056
  12003  15079
  12016  15093
  12034  15116
  12045  15127
  12056  15138
  12063  15151
  12079  15173
  12092  15187
  12106  15198
  12111  15228
  12127  15231
  12142  15255
  12159  15267
  12170  15286
  12180  15300
  12190  15320
  12212  15333
  12222  15350
  12230  15363
  12250  15371
  12261  15397
  12267  15407
  12280  15425
  12299  15450
  12308  15465
  12319  15473
  12332  15483
  12346  15507
  12358  15524
  12374  15539
  12382  15556
  12393  15574
  12407  15582
  12420  15600
  12436  15622
  12457  15632
  12458  15645
  12477  15667
  12486  15682
  12494  15691
  12522  15710
  12528  15731
  12538  15738
  12554  15762
  12566  15773
  12576  15793
  12591  15799
  12597  15816
  12613  15833
  12633  15850
  12637  15874
  12647  15879
  12667  15901
  12680  15916
  12695  15932
  12704  15946
  12718  15966
  12730  15983
  12750  15997
  12759  16012
  12773  16033
  12782  16052
  12794  16071
  12804  16083
  12823  16100
  12831  16109
  12850  16124
  12858  16137
  12859  16145
  12864  16149
  12873  16144
  12869  16151
  12870  16151
  12866  16153
  12866  16139
  12860  16131
  12850  16130
  12847  16119
  12843  16111
  12837  16096
  12824  16091
  12814  16079
  12806  16068
  12806  16063
  12786  16041
  12783  16033
  12763  16014
  12755  15992
  12744  15986
  12733  15968
  12721  15956
  12711  15934
  12690  15927
  12681  15911
  12674  15893
  12667  15880
  12645  15860
  12638  15849
  12621  15828
  12617  15819
  12605  15797
  12590  15786
  12580  15770
  12558  15757
  12550  15740
  12533  15726
  12515  15711
  12511  15704
  12494  15679
  12482  15662
  12467  15650
  12468  15633
  12447  15617
  12430  15595
  12422  15588
  12412  15565
  12394  15550
  12386  15532
  12373  15520
  12360  15510
  12345  15488
  12328  15479
  12324  15450
  12310  15438
  12296  15427
  12279  15405
  12271  15389
  12249  15386
  12241  15359
  12235  15343
  12215  15329
  12204  15315
  12193  15297
  12176  15276
  12161  15255
  12161  15247
  12146  15234
  12135  15221
  12119  15198
  12104  15185
  12095  15177
  12078  15161
  12068  15148
  12055  15118
  12040  15106
  12035  15089
  12014  15082
  12002  15069
  11985  15054
  11977  15028
  11961  15014
  11952  14996
  11938  14980
  11924  14961
  11913  14950
  11902  14934
  11885  14919
  11877  14900
  11862  14879
  11845  14866
  11836  14849
  11826  14836
  11813  14815
  11797  14806
  11782  14785
  11770  14771
  11762  14760
  11745  14738
  11730  14722
  11723  14707
  11715  14696
  11694  14682
  11689  14658
  11669  14643
  11654  14631
  11643  14613
  11632  14603
  11624  14583
  11613  14567
  11586  14548
  11586  14535
  11570  14526
  11559  14512
  11544  14489
  11529  14472
  11515  14458
  11504  14440
  11492  14430
  11475  14404
  11469  14398
  11458  14377
  11439  14357
  11430  14342
  11412  14325
  11407  14318
  11387  14294
  11380  14282
  11369  14265
  11359  14250
  11344  14226
  11325  14210
  11320  14202
  11302  14186
  11291  14173
  11279  14158
  11258  14137
  11247  14125
  11236  14108
  11222  14087
  11203  14078
  11195  14058
  11178  14047
  11172  14031
  11159  14011
  11144  13994
  11126  13979
  11124  13962
  11100  13947
  11097  13930
  11078  13912
  11065  13900
  11059  13887
  11052  13867
  11032  13850
  11018  13839
  11001  13819
  10991  13806
  10977  13793
  10967  13778
  10962  13752
  10939  13731
  10923  13719
  10914  13705
  10902  13692
  10893  13676
  10877  13649
  10868  13638
  10856  13635
  10838  13611
  10831  13594
  10810  13576
  10806  13568
  10797  13547
  10772  13529
  10773  13521
  10754  13501
  10741  13488
  10729  13469
  10711  13454
  10706  13440
  10688  13421
  10677  13404
  10660  13394
  10648  13378
  10638  13364
  10613  13344
  10617  13324
  10601  13306
  10579  13289
  10574  13275
  10562  13264
  10543  13246
  10527  13237
  10520  13215
  10510  13198
  10498  13190
  10487  13172
  10469  13162
  10457  13135
  10439  13120
  10436  13110
  10413  13085
  10405  13068
  10389  13052
  10378  13038
  10367  13022
  10360  12997
  10335  12989
  10333  12979
  10314  12960
  10310  12938
  10294  12930
  10284  12914
  10269  12891
  10247  12876
  10237  12861
  10225  12850
  10214  12835
  10204  12812
  10183  12800
  10178  12787
  10162  12778
  10152  12750
  10128  12741
  10127  12717
  10107  12709
  10101  12686
  10091  12669
  10077  12658
  10065  12641
  10050  12625
  10041  12610
  10021  12597
  10011  12590
  10004  12566
   9994  12547
   9969  12533
   9956  12520
   9945  12500
   9933  12477
   9925  12476
   9910  12457
   9895  12440
   9878  12416
   9865  12408
   9857  12390
   9838  12372
   9827  12360
   9824  12332
   9808  12327
   9794  12312
   9780  12296
   9771  12279
   9758  12259
   9749  12245
   9739  12221
   9711  12218
   9708  12200
   9691  12183
   9672  12170
   9668  12151
   9654  12125
   9642  12122
   9621  12100
   9610  12088
   9600  12074
   9576  12050
   9578  12032
   9557  12022
   9550  12005
   9532  11986
   9530  11972
   9512  11963
   9501  11942
   9492  11924
   9471  11912
   9462  11895
   9451  11880
   9436  11863
   9419  11850
   9405  11829
   9397  11823
   9381  11795
   9367  11784
   9358  11765
   9344  11753
   9331  11735
   9322  11716
   9313  11702
   9293  11690
   9277  11670
   9274  11650
   9261  11635
   9247  11627
   9228  11612
   9220  11588
   9206  11572
   9191  11557
   9185  11535
   9172  11530
   9150  11509
   9141  11500
   9125  11472
   9110  11467
   9106  11449
   9095  11432
   9079  11417
   9075  11402
   9061  11386
   9042  11375
   9025  11356
   9014  11339
   8999  11329
   8998  11305
   8971  11288
   8968  11284
   8948  11263
   8934  11242
   8918  11224
   8910  11210
   8899  11192
   8885  11178
   8873  11161
   8861  11150
   8850  11136
   8828  11114
   8822  11091
   8804  11077
   8792  11064
   8782  11048
   8772  11032
   8765  11016
   8744  11000
   8726  10985
   8719  10970
   8704  10952
   8694  10940
   8679  10923
   8669  10904
   8662  10889
   8641  10876
   8632  10868
   8611  10850
   8600  10828
   8592  10809
   8575  10796
   8560  10786
   8552  10771
   8543  10745
   8532  10736
   8518  10719
   8509  10698
   8493  10682
   8480  10675
   8465  10652
   8447  10634
   8434  10626
   8426  10610
   8410  10593
   8394  10579
   8393  10555
   8372  10544
   8364  10522
   8359  10506
   8336  10498
   8328  10476
   8314  10462
   8297  10448
   8293  10432
   8269  10419
   8257  10401
   8246  10380
   8239  10367
   8220  10358
   8213  10342
   8197  10322
   8183  10302
   8171  10290
   8159  10274
   8144  10262
   8135  10245
   8117  10226
   8108  10206
   8095  10188
   8081  10181
   8074  10161
   8051  10142
   8039  10127
   8033  10112
   8018  10098
   8001  10082
   7995  10060
   7977  10054
   7964  10032
   7952  10019
   7938  10006
   7929   9985
   7915   9968
   7909   9946
   7894   9932
   7871   9918
   7860   9902
   7850   9889
   7839   9869
   7835   9856
   7813   9841
   7800   9830
   7788   9817
   7777   9791
   7761   9784
   7753   9766
   7732   9748
   7726   9732
   7710   9721
   7698   9706
   7683   9690
   7671   9665
   7655   9649
   7647   9634
   7638   9618
   7627   9599
   7606   9587
   7597   9570
   7583   9552
   7573   9545
   7559   9523
   7552   9508
   7537   9487
   7523   9478
   7504   9456
   7494   9442
   7484   9436
   7468   9411
   7457   9406
   7440   9382
   7425   9371
   7425   9344
   7399   9339
   7389   9317
   7377   9299
   7363   9285
   7357   9271
   7330   9245
   7334   9237
   7318   9219
   7302   9209
   7288   9193
   7272   9173
   7269   9159
   7244   9145
   7237   9128
   7225   9105
   7216   9096
   7197   9073
   7183   9061
   7170   9044
   7162   9030
   7152   9016
   7133   8991
   7112   8980
   7109   8959
   7106   8949
   7094   8934
   7075   8913
   7062   8893
   7054   8889
   7044   8875
   7018   8850
   7010   8837
   6993   8817
   6979   8806
   6969   8795
   6963   8773
   6944   8759
   6923   8744
   6915   8728
   6905   8713
   6895   8698
   6877   8676
   6867   8666
   6859   8647
   6846   8636
   6827   8618
   6811   8614
   6812   8595
   6791   8573
   6777   8556
   6765   8540
   6755   8528
   6746   8510
   6726   8493
   6716   8464
   6699   8458
   6689   8440
   6675   8427
   6667   8404
   6656   8396
   6637   8371
   6622   8351
   6616   8345
   6600   8329
   6582   8321
   6578   8298
   6556   8290
   6555   8264
   6539   8250
   6524   8238
   6509   8221
   6499   8208
   6486   8190
   6474   8174
   6448   8157
   6449   8139
   6434   8116
   6417   8108
   6413   8089
   6393   8073
   6382   8062
   6367   8044
   6360   8026
   6345   8013
   6327   7993
   6323   7983
   6307   7965
   6286   7949
   6282   7931
   6263   7919
   6258   7903
   6238   7879
   6227   7870
   6206   7855
   6202   7839
   6188   7818
   6177   7800
   6157   7788
   6155   7772
   6141   7764
   6127   7742
   6124   7729
   6089   7713
   6093   7699
   6084   7676
   6072   7667
   6043   7643
   6039   7635
   6024   7614
   6007   7598
   6002   7588
   5987   7562
   5981   7550
   5964   7537
   5957   7515
   5936   7505
   5923   7487
   5909   7474
   5896   7457
   5887   7436
   5876   7424
   5860   7413
   5848   7401
   5827   7371
   5817   7360
   5810   7346
   5785   7332
   5780   7312
   5762   7303
   5751   7277
   5741   7265
   5730   7241
   5714   7239
   5702   7214
   5687   7193
   5672   7184
   5672   7162
   5652   7149
   5635   7142
   5632   7123
   5615   7103
   5602   7093
   5589   7080
   5573   7059
   5565   7035
   5551   7020
   5541   7014
   5526   6996
   5520   6982
   5498   6963
   5486   6948
   5476   6930
   5464   6920
   5444   6899
   5444   6876
   5424   6862
   5409   6850
   5401   6836
   5379   6814
   5370   6801
   5361   6789
   5347   6776
   5330   6761
   5324   6743
   5309   6725
   5294   6704
   5289   6697
   5270   6673
   5262   6661
   5242   6644
   5239   6624
   5220   6613
   5210   6600
   5194   6572
   5181   6560
   5167   6547
   5155   6528
   5140   6517
   5136   6507
   5115   6490
   5106   6468
   5089   6461
   5078   6434
   5064   6416
   5053   6408
   5047   6393
   5032   6372
   5018   6356
   5008   6340
   4988   6320
   4974   6310
   4961   6293
   4949   6273
   4936   6258
   4928   6240
   4918   6226
   4906   6209
   4887   6188
   4873   6183
   4867   6160
   4847   6154
   4829   6136
   4818   6128
   4810   6101
   4796   6087
   4776   6064
   4771   6060
   4756   6041
   4743   6028
   4734   6012
   4717   5996
   4710   5972
   4695   5957
   4678   5948
   4673   5925
   4658   5908
   4640   5892
   4630   5878
   4620   5857
   4610   5845
   4597   5838
   4580   5819
   4566   5805
   4555   5790
   4542   5770
   4532   5759
   4523   5733
   4509   5721
   4493   5702
   4473   5688
   4457   5679
   4456   5655
   4445   5637
   4426   5623
   4410   5610
   4410   5588
   4385   5577
   4378   5559
   4361   5547
   4349   5534
   4332   5513
   4327   5500
   4317   5486
   4292   5463
   4289   5455
   4264   5431
   4257   5420
   4246   5399
   4234   5389
   4224   5365
   4212   5346
   4190   5337
   4179   5328
   4169   5301
   4161   5291
   4145   5271
   4135   5251
   4120   5243
   4110   5227
   4096   5216
   4084   5189
   4079   5190
   4064   5161
   4041   5143
   4032   5131
   4019   5120
   4001   5104
   3993   5088
   3983   5065
   3967   5047
   3956   5035
   3945   5019
   3935   5007
   3920   4984
   3904   4976
   3899   4953
   3878   4940
   3874   4917
   3854   4914
   3849   4903
   3833   4886
   3810   4867
   3799   4852
   3791   4830
   3773   4816
   3759   4789
   3748   4793
   3738   4771
   3729   4752
   3710   4734
   3699   4715
   3683   4707
   3677   4685
   3655   4664
   3645   4654
   3631   4635
   3630   4618
   3600   4609
   3593   4593
   3585   4569
   3567   4562
   3557   4542
   3539   4530
   3532   4516
   3514   4502
   3504   4482
   3498   4462
   3484   4448
   3462   4435
   3458   4421
   3444   4395
   3427   4384
   3416   4362
   3402   4358
   3394   4337
   3379   4314
   3370   4307
   3351   4286
   3341   4267
   3328   4264
   3319   4232
   3304   4226
   3292   4212
   3282   4194
   3272   4174
   3255   4160
   3236   4140
   3232   4128
   3214   4113
   3207   4087
   3190   4083
   3174   4056
   3167   4051
   3158   4031
   3139   4013
   3121   4001
   3112   3983
   3098   3969
   3080   3959
   3069   3942
   3065   3934
   3048   3915
   3032   3885
   3013   3870
   3004   3861
   3001   3846
   2976   3827
   2973   3813
   2960   3797
   2943   3776
   2937   3768
   2926   3749
   2914   3732
   2888   3721
   2882   3706
   2873   3687
   2861   3674
   2846   3651
   2840   3639
   2811   3621
   2798   3611
   2788   3589
   2788   3571
   2767   3554
   2749   3540
   2735   3522
   2727   3500
   2720   3495
   2700   3474
   2695   3456
   2676   3441
   2661   3420
   2649   3415
   2633   3395
   2623   3376
   2607   3353
   2595   3349
   2578   3337
   2573   3318
   2550   3303
   2549   3284
   2537   3268
   2526   3249
   2509   3241
   2501   3221
   2487   3199
   2469   3188
   2463   3180
   2453   3158
   2425   3147
   2425   3131
   2406   3115
   2399   3091
   2380   3076
   2362   3068
   2360   3052
   2345   3033
   2332   3016
   2315   2997
   2298   2986
   2295   2968
   2273   2953
   2274   2937
   2256   2920
   2240   2900
   2238   2886
   2218   2871
   2202   2859
   2190   2845
   2181   2827
   2164   2813
   2153   2800
   2134   2780
   2131   2755
   2113   2739
   2099   2729
   2091   2715
   2074   2691
   2056   2678
   2060   2668
   2039   2640
   2024   2637
   2012   2615
   1999   2596
   1987   2579
   1972   2563
   1963   2548
   1944   2544
   1943   2514
   1923   2506
   1914   2492
   1897   2476
   1881   2457
   1871   2435
   1859   2424
   1840   2411
   1831   2396
   1820   2377
   1804   2366
   1791   2344
   1784   2329
   1773   2317
   1759   2300
   1746   2286
   1735   2266
   1724   2255
   1705   2236
   1696   2229
   1675   2200
   1669   2185
   1655   2169
   1642   2158
   1624   2141
   1615   2133
   1602   2106
   1584   2097
   1567   2078
   1566   2060
   1554   2050
   1536   2038
   1519   2013
   1507   1996
   1499   1979
   1483   1962
   1471   1953
   1463   1935
   1451   1918
   1450   1901
   1433   1894
   1408   1867
   1397   1849
   1387   1845
   1379   1823
   1355   1811
   1345   1786
   1337   1764
   1322   1751
   1308   1739
   1295   1724
   1281   1711
   1269   1688
   1256   1675
   1248   1666
   1228   1642
   1221   1630
   1200   1618
   1197   1591
   1182   1580
   1175   1565
   1156   1550
   1146   1537
   1126   1514
   1118   1503
   1103   1481
   1095   1472
   1078   1452
   1059   1439
   1051   1427
   1035   1409
   1019   1393
   1007   1379
    998   1361
    986   1348
    974   1321
    958   1314
    948   1299
    940   1283
    928   1263
    917   1250
    901   1236
    891   1209
    877   1200
    865   1180
    849   1168
    836   1155
    822   1138
    812   1124
    799   1102
    778   1083
    771   1069
    753   1065
    746   1044
    730   1029
    719   1009
    702    995
    695    988
    682    960
    673    953
    661    931
    645    918
    638    904
    627    889
    609    864
    600    855
    577    838
    564    828
    559    801
    543    784
    527    767
    514    759
    499    736
    484    718
    475    700
    460    695
    454    673
    432    660
    428    644
    410    634
    401    608
    388    603
    383    584
    363    555
    355    542
    344    539
    325    510
    310    498
    304    481
    291    470
    269    448
    258    433
    250    418
    233    408
    225    395
    212    372
    201    353
    190    344
    172    325
    158    313
    156    299
    131    275
    116    267
    112    242
    106    237
     76    221
     67    191
     54    189
     49    162
     34    153
     17    134
      8    118
     -8    106
    -19     88
    -38     76
    -42     64
    -53     38
    -69     19
    -87      6
    -97    -10
   -105    -27
   -121    -33
   -127    -58
   -142    -69
   -159    -87
   -170   -112
   -183   -115
   -204   -138
   -210   -154
   -225   -169
   -235   -189
   -254   -197
   -267   -219
   -275   -232
   -289   -248
   -304   -268
   -310   -281
   -326   -295
   -343   -306
   -352   -329
   -356   -338
   -376   -354
   -393   -377
   -401   -399
   -417   -411
   -437   -431
   -442   -448
   -457   -462
   -467   -478
   -478   -486
   -495   -502
   -509   -526
   -521   -535
   -532   -544
   -544   -564
   -554   -579
   -574   -594
   -581   -624
   -595   -631
   -599   -646
   -617   -665
   -628   -675
   -646   -691
   -662   -710
   -664   -731
   -687   -734
   -699   -758
   -712   -779
   -722   -792
   -729   -800
   -755   -821
   -761   -836
   -778   -848
   -784   -856
   -796   -880
   -810   -901
   -827   -912
   -836   -927
   -849   -953
   -860   -961
   -879   -986
   -889   -995
   -895  -1010
   -911  -1022
   -924  -1036
   -936  -1062
   -955  -1073
   -964  -1091
   -980  -1114
   -986  -1128
   -993  -1145
  -1020  -1161
  -1031  -1172
  -1046  -1192
  -1052  -1204
  -1071  -1213
  -1082  -1235
  -1094  -1254
  -1115  -1271
  -1120  -1283
  -1126  -1299
  -1141  -1319
  -1155  -1334
  -1171  -1352
  -1179  -1374
  -1200  -1379
  -1207  -1394
  -1220  -1409
  -1230  -1427
  -1248  -1443
  -1256  -1457
  -1279  -1469
  -1293  -1491
  -1300  -1505
  -1314  -1520
  -1326  -1539
  -1332  -1550
  -1351  -1571
  -1365  -1588
  -1370  -1599
  -1387  -1619
  -1407  -1633
  -1404  -1646
  -1418  -1656
  -1437  -1682
  -1449  -1698
  -1464  -1709
  -1475  -1725
  -1493  -1748
  -1499  -1763
  -1514  -1782
  -1526  -1787
  -1545  -1807
  -1557  -1827
  -1562  -1841
  -1578  -1854
  -1594  -1861
  -1609  -1889
  -1618  -1911
  -1628  -1914
  -1637  -1930
  -1656  -1942
  -1664  -1954
  -1674  -1983
  -1691  -1998
  -1700  -2020
  -1723  -2033
  -1734  -2047
  -1737  -2062
  -1763  -2083
  -1766  -2097
  -1789  -2110
  -1804  -2122
  -1812  -2144
  -1827  -2163
  -1842  -2171
  -1845  -2190
  -1861  -2219
  -1869  -2229
  -1888  -2235
  -1897  -2264
  -1913  -2273
  -1920  -2283
  -1935  -2307
  -1956  -2314
  -1966  -2339
  -1978  -2358
  -1988  -2372
  -2004  -2376
  -2013  -2399
  -2027  -2412
  -2039  -2429
  -2046  -2437
  -2066  -2457
  -2076  -2475
  -2085  -2497
  -2094  -2506
  -2117  -2526
  -2120  -2541
  -2131  -2562
  -2156  -2566
  -2164  -2584
  -2180  -2603
  -2194  -2621
  -2210  -2636
  -2210  -2653
  -2231  -2667
  -2245  -2684
  -2262  -2694
  -2271  -2723
  -2281  -2737
  -2299  -2744
  -2303  -2763
  -2319  -2777
  -2332  -2789
  -2348  -2805
  -2364  -2814
  -2368  -2829
  -2378  -2859
  -2384  -2871
  -2404  -2890
  -2415  -2904
  -2430  -2915
  -2451  -2938
  -2448  -2956
  -2471  -2969
  -2487  -2992
  -2502  -3005
  -2508  -3021
  -2524  -3031
  -2533  -3060
  -2548  -3067
  -2565  -3079
  -2574  -3096
  -2593  -3118
  -2602  -3131
  -2617  -3151
  -2618  -3164
  -2640  -3168
  -2646  -3192
  -2665  -3207
  -2677  -3227
  -2690  -3244
  -2702  -3253
  -2716  -3273
  -2728  -3291
  -2743  -3311
  -2754  -3324
  -2774  -3336
  -2777  -3357
  -2790  -3372
  -2799  -3391
  -2811  -3404
  -2829  -3412
  -2847  -3423
  -2849  -3445
  -2865  -3464
  -2876  -3474
  -2889  -3492
  -2902  -3509
  -2913  -3527
  -2928  -3531
  -2940  -3553
  -2961  -3583
  -2965  -3591
  -2977  -3609
  -2995  -3620
  -3011  -3639
  -3018  -3658
  -3040  -3670
  -3052  -3693
  -3062  -3704
  -3066  -3723
  -3084  -3730
  -3099  -3752
  -3109  -3767
  -3117  -3775
  -3133  -3793
  -3151  -3818
  -3162  -3828
  -3179  -3844
  -3181  -3858
  -3187  -3877
  -3210  -3898
  -3221  -3915
  -3241  -3932
  -3251  -3945
  -3259  -3961
  -3276  -3972
  -3298  -3995
  -3303  -4004
  -3308  -4022
  -3328  -4030
  -3339  -4060
  -3359  -4065
  -3365  -4085
  -3381  -4102
  -3391  -4111
  -3403  -4129
  -3425  -4143
  -3433  -4160
  -3444  -4180
  -3451  -4194
  -3464  -4208
  -3480  -4227
  -3493  -4247
  -3510  -4262
  -3522  -4282
  -3532  -4296
  -3551  -4310
  -3556  -4324
  -3563  -4351
  -3582  -4363
  -3603  -4370
  -3610  -4395
  -3618  -4403
  -3633  -4425
  -3642  -4435
  -3658  -4444
  -3674  -4458
  -3672  -4476
  -3696  -4493
  -3707  -4512
  -3718  -4525
  -3731  -4551
  -3743  -4559
  -3750  -4575
  -3767  -4603
  -3782  -4610
  -3795  -4634
  -3807  -4646
  -3831  -4665
  -3844  -4665
  -3851  -4683
  -3859  -4699
  -3869  -4719
  -3891  -4731
  -3903  -4753
  -3915  -4765
  -3927  -4780
  -3936  -4794
  -3957  -4815
  -3966  -4831
  -3977  -4854
  -3994  -4863
  -4001  -4884
  -4013  -4903
  -4030  -4910
  -4045  -4931
  -4059  -4947
  -4064  -4966
  -4080  -4976
  -4091  -4998
  -4102  -5010
  -4120  -5024
  -4136  -5034
  -4141  -5051
  -4156  -5061
  -4168  -5080
  -4183  -5103
  -4191  -5121
  -4214  -5131
  -4215  -5145
  -4230  -5176
  -4251  -5190
  -4269  -5204
  -4279  -5210
  -4284  -5233
  -4294  -5254
  -4309  -5275
  -4317  -5285
  -4327  -5303
  -4345  -5314
  -4361  -5326
  -4369  -5343
  -4376  -5353
  -4398  -5375
  -4404  -5389
  -4423  -5406
  -4434  -5420
  -4445  -5440
  -4459  -5457
  -4470  -5467
  -4489  -5493
  -4502  -5500
  -4520  -5516
  -4528  -5532
  -4535  -5555
  -4547  -5571
  -4568  -5582
  -4575  -5602
  -4585  -5621
  -4603  -5631
  -4607  -5643
  -4617  -5659
  -4637  -5676
  -4652  -5686
  -4660  -5702
  -4673  -5720
  -4693  -5734
  -4705  -5758
  -4715  -5761
  -4728  -5780
  -4731  -5801
  -4755  -5827
  -4766  -5836
  -4778  -5855
  -4798  -5869
  -4806  -5893
  -4820  -5898
  -4836  -5922
  -4848  -5931
  -4859  -5946
  -4872  -5960
  -4876  -5980
  -4894  -5996
  -4905  -6014
  -4919  -6026
  -4938  -6044
  -4941  -6062
  -4956  -6072
  -4981  -6087
  -4991  -6109
  -4997  -6127
  -5012  -6147
  -5018  -6153
  -5041  -6185
  -5056  -6187
  -5064  -6207
  -5069  -6225
  -5084  -6233
  -5100  -6254
  -5105  -6279
  -5131  -6282
  -5140  -6290
  -5153  -6313
  -5166  -6322
  -5176  -6342
  -5188  -6361
  -5205  -6374
  -5211  -6399
  -5229  -6412
  -5235  -6418
  -5246  -6439
  -5270  -6461
  -5277  -6473
  -5287  -6494
  -5297  -6512
  -5310  -6523
  -5329  -6543
  -5331  -6560
  -5351  -6573
  -5364  -6583
  -5383  -6595
  -5389  -6606
  -5408  -6621
  -5420  -6640
  -5439  -6658
  -5449  -6677
  -5458  -6688
  -5472  -6702
  -5478  -6728
  -5495  -6739
  -5503  -6745
  -5529  -6791
  -5528  -6795
  -5549  -6813
  -5564  -6826
  -5572  -6839
  -5586  -6862
  -5601  -6874
  -5615  -6881
  -5625  -6913
  -5634  -6921
  -5647  -6932
  -5668  -6944
  -5676  -6965
  -5687  -6983
  -5699  -6994
  -5707  -7020
  -5729  -7024
  -5744  -7038
  -5750  -7067
  -5757  -7083
  -5779  -7099
  -5787  -7117
  -5794  -7134
  -5813  -7144
  -5827  -7164
  -5840  -7165
  -5848  -7190
  -5859  -7210
  -5875  -7218
  -5880  -7239
  -5899  -7252
  -5914  -7256
  -5929  -7285
  -5941  -7305
  -5958  -7320
  -5973  -7331
  -5977  -7344
  -5996  -7355
  -6003  -7379
  -6010  -7397
  -6025  -7418
  -6046  -7425
  -6061  -7451
  -6066  -7461
  -6085  -7484
  -6092  -7492
  -6101  -7507
  -6125  -7530
  -6133  -7545
  -6136  -7566
  -6153  -7570
  -6175  -7579
  -6187  -7601
  -6195  -7609
  -6204  -7625
  -6223  -7646
  -6230  -7659
  -6246  -7686
  -6253  -7698
  -6275  -7713
  -6286  -7730
  -6296  -7738
  -6307  -7762
  -6319  -7766
  -6330  -7795
  -6348  -7804
  -6364  -7819
  -6374  -7840
  -6395  -7859
  -6396  -7877
  -6413  -7881
  -6428  -7901
  -6436  -7923
  -6453  -7945
  -6468  -7954
  -6476  -7966
  -6490  -7981
  -6506  -8006
  -6522  -8015
  -6524  -8028
  -6546  -8060
  -6549  -8074
  -6567  -8087
  -6580  -8102
  -6594  -8119
  -6602  -8130
  -6617  -8149
  -6632  -8157
  -6644  -8174
  -6662  -8190
  -6667  -8213
  -6689  -8226
  -6694  -8227
  -6706  -8265
  -6726  -8268
  -6741  -8293
  -6749  -8304
  -6749  -8326
  -6770  -8333
  -6784  -8353
  -6787  -8374
  -6813  -8390
  -6826  -8406
  -6836  -8412
  -6853  -8442
  -6862  -8447
  -6873  -8470
  -6884  -8474
  -6896  -8491
  -6904  -8514
  -6924  -8518
  -6937  -8540
  -6953  -8561
  -6965  -8572
  -6962  -8580
  -6983  -8609
  -6993  -8631
  -7010  -8635
  -7022  -8652
  -7040  -8664
  -7045  -8694
  -7060  -8705
  -7080  -8711
  -7093  -8745
  -7103  -8753
  -7119  -8770
  -7129  -8790
  -7139  -8803
  -7162  -8808
  -7162  -8832
  -7170  -8844
  -7185  -8869
  -7205  -8877
  -7217  -8905
  -7231  -8910
  -7237  -8928
  -7259  -8938
  -7267  -8959
  -7277  -8976
  -7297  -8995
  -7309  -9008
  -7318  -9016
  -7336  -9035
  -7346  -9052
  -7353  -9075
  -7369  -9095
  -7392  -9100
  -7403  -9120
  -7404  -9130
  -7421  -9160
  -7438  -9154
  -7442  -9173
  -7454  -9190
  -7469  -9218
  -7483  -9227
  -7496  -9233
  -7510  -9251
  -7533  -9275
  -7530  -9290
  -7546  -9310
  -7567  -9315
  -7572  -9335
  -7586  -9358
  -7599  -9366
  -7613  -9388
  -7624  -9394
  -7631  -9423
  -7645  -9437
  -7654  -9455
  -7673  -9469
  -7690  -9482
  -7704  -9490
  -7711  -9507
  -7729  -9537
  -7739  -9548
  -7757  -9561
  -7768  -9574
  -7773  -9590
  -7787  -9602
  -7804  -9616
  -7816  -9637
  -7832  -9648
  -7846  -9672
  -7863  -9699
  -7860  -9704
  -7875  -9729
  -7886  -9739
  -7902  -9752
  -7913  -9774
  -7931  -9793
  -7943  -9799
  -7953  -9823
  -7973  -9829
  -7980  -9838
  -7995  -9869
  -8003  -9877
  -8026  -9896
  -8037  -9913
  -8042  -9928
  -8070  -9942
  -8071  -9963
  -8085  -9972
  -8099  -9997
  -8112 -10008
  -8126 -10026
  -8135 -10046
  -8149 -10064
  -8163 -10074
  -8178 -10089
  -8184 -10105
  -8200 -10110
  -8215 -10137
  -8223 -10151
  -8234 -10166
  -8247 -10182
  -8251 -10199
  -8269 -10217
  -8285 -10223
  -8299 -10248
  -8312 -10256
  -8323 -10284
  -8339 -10301
  -8358 -10305
  -8369 -10335
  -8379 -10346
  -8385 -10365
  -8406 -10375
  -8428 -10386
  -8423 -10413
  -8436 -10424
  -8450 -10424
  -8471 -10455
  -8476 -10453
  -8486 -10472
  -8504 -10492
  -8521 -10514
  -8536 -10520
  -8541 -10534
  -8560 -10552
  -8572 -10579
  -8579 -10604
  -8594 -10618
  -8610 -10635
  -8628 -10646
  -8640 -10662
  -8654 -10684
  -8655 -10695
  -8665 -10721
  -8691 -10729
  -8700 -10743
  -8710 -10761
  -8723 -10765
  -8734 -10783
  -8747 -10794
  -8767 -10813
  -8772 -10826
  -8786 -10849
  -8804 -10858
  -8815 -10878
  -8826 -10894
  -8842 -10920
  -8845 -10934
  -8864 -10948
  -8875 -10958
  -8893 -10989
  -8898 -10997
  -8913 -11024
  -8932 -11029
  -8934 -11044
  -8956 -11053
  -8973 -11070
  -8976 -11080
  -8996 -11098
  -8994 -11121
  -9018 -11131
  -9027 -11151
  -9044 -11163
  -9055 -11179
  -9062 -11195
  -9081 -11221
  -9095 -11238
  -9099 -11258
  -9120 -11258
  -9126 -11280
  -9144 -11298
  -9152 -11312
  -9163 -11329
  -9185 -11353
  -9199 -11370
  -9210 -11379
  -9222 -11387
  -9238 -11401
  -9246 -11410
  -9257 -11444
  -9267 -11449
  -9280 -11459
  -9305 -11492
  -9315 -11502
  -9323 -11520
  -9334 -11528
  -9349 -11566
  -9365 -11582
  -9367 -11586
  -9391 -11604
  -9403 -11616
  -9413 -11643
  -9431 -11647
  -9438 -11665
  -9447 -11687
  -9458 -11701
  -9475 -11708
  -9490 -11721
  -9504 -11736
  -9511 -11756
  -9533 -11776
  -9544 -11778
  -9553 -11807
  -9567 -11822
  -9581 -11840
  -9588 -11848
  -9605 -11877
  -9624 -11880
  -9639 -11907
  -9641 -11930
  -9652 -11935
  -9672 -11945
  -9673 -11979
  -9694 -11982
  -9712 -11986
  -9719 -12018
  -9730 -12025
  -9741 -12039
  -9752 -12051
  -9770 -12076
  -9783 -12091
  -9797 -12107
  -9807 -12118
  -9825 -12144
  -9836 -12148
  -9850 -12165
  -9866 -12194
  -9877 -12220
  -9882 -12223
  -9904 -12228
  -9917 -12255
  -9925 -12272
  -9937 -12294
  -9952 -12290
  -9962 -12317
  -9975 -12339
  -9985 -12349
 -10003 -12354
 -10010 -12378
 -10030 -12395
 -10032 -12398
 -10053 -12426
 -10065 -12442
 -10070 -12457
 -10092 -12471
 -10103 -12495
 -10117 -12513
 -10131 -12528
 -10146 -12546
 -10151 -12556
 -10169 -12584
 -10168 -12584
 -10192 -12593
 -10207 -12625
 -10219 -12637
 -10230 -12658
 -10241 -12668
 -10265 -12686
 -10259 -12692
 -10278 -12709
 -10300 -12727
 -10312 -12732
 -10321 -12761
 -10337 -12787
 -10340 -12783
 -10362 -12806
 -10367 -12822
 -10379 -12842
 -10395 -12862
 -10408 -12863
 -10424 -12884
 -10447 -12903
 -10447 -12923
 -10458 -12939
 -10475 -12957
 -10489 -12977
 -10493 -12987
 -10505 -12997
 -10524 -13005
 -10545 -13026
 -10548 -13036
 -10566 -13062
 -10577 -13089
 -10590 -13091
 -10602 -13105
 -10611 -13123
 -10621 -13142
 -10640 -13155
 -10654 -13179
 -10663 -13188
 -10680 -13204
 -10694 -13215
 -10699 -13239
 -10711 -13251
 -10728 -13268
 -10749 -13297
 -10758 -13293
 -10772 -13315
 -10776 -13321
 -10789 -13347
 -10813 -13363
 -10817 -13381
 -10825 -13402
 -10842 -13406
 -10856 -13421
 -10867 -13448
 -10881 -13475
 -10898 -13477
 -10915 -13494
 -10921 -13512
 -10941 -13525
 -10952 -13537
 -10963 -13556
 -10969 -13576
 -10987 -13598
 -10998 -13610
 -11015 -13618
 -11020 -13630
 -11028 -13644
 -11053 -13670
 -11057 -13694
 -11072 -13690
 -11084 -13706
 -11098 -13728
 -11111 -13746
 -11125 -13764
 -11141 -13789
 -11150 -13797
 -11164 -13809
 -11183 -13828
 -11197 -13848
 -11203 -13860
 -11217 -13886
 -11225 -13902
 -11244 -13907
 -11253 -13935
 -11268 -13927
 -11275 -13950
 -11293 -13964
 -11306 -13981
 -11323 -13997
 -11342 -14006
 -11336 -14023
 -11357 -14050
 -11368 -14057
 -11381 -14081
 -11390 -14086
 -11402 -14111
 -11419 -14133
 -11431 -14146
 -11439 -14161
 -11460 -14176
 -11467 -14197
 -11484 -14213
 -11498 -14230
 -11512 -14237
 -11514 -14263
 -11537 -14274
 -11547 -14287
 -11560 -14293
 -11577 -14324
 -11582 -14328
 -11595 -14347
 -11615 -14365
 -11623 -14379
 -11644 -14389
 -11649 -14422
 -11662 -14438
 -11682 -14457
 -11690 -14465
 -11704 -14478
 -11710 -14498
 -11734 -14513
 -11748 -14529
 -11753 -14557
 -11762 -14570
 -11779 -14574
 -11786 -14586
 -11802 -14604
 -11811 -14616
 -11828 -14640
 -11840 -14640
 -11858 -14674
 -11872 -14680
 -11881 -14712
 -11901 -14720
 -11909 -14738
 -11917 -14762
 -11932 -14764
 -11942 -14787
 -11957 -14808
 -11967 -14817
 -11982 -14829
 -11986 -14846
 -12004 -14859
 -12017 -14881
 -12026 -14897
 -12047 -14899
 -12062 -14913
 -12076 -14930
 -12093 -14953
 -12094 -14961
 -12106 -14985
 -12122 -14994
 -12136 -15010
 -12150 -15028
 -12161 -15061
 -12173 -15077
 -12187 -15089
 -12201 -15109
 -12215 -15115
 -12220 -15133
 -12239 -15151
 -12248 -15167
 -12262 -15180
 -12283 -15192
 -12290 -15202
 -12296 -15208
 -12319 -15242
 -12322 -15254
 -12348 -15269
 -12355 -15289
 -12369 -15312
 -12383 -15322
 -12394 -15334
 -12411 -15353
 -12427 -15375
 -12431 -15389
 -12438 -15409
 -12457 -15426
 -12463 -15430
 -12479 -15450
 -12492 -15466
 -12508 -15476
 -12515 -15503
 -12537 -15522
 -12552 -15513
 -12554 -15537
 -12572 -15557
 -12587 -15575
 -12605 -15597
 -12611 -15605
 -12627 -15615
 -12642 -15640
 -12649 -15664
 -12664 -15669
 -12680 -15690
 -12683 -15712
 -12689 -15734
 -12710 -15739
 -12723 -15755
 -12737 -15786
 -12752 -15783
 -12763 -15800
 -12770 -15823
 -12792 -15831
 -12799 -15849
 -12814 -15859
 -12825 -15875
 -12835 -15895
 -12855 -15907
 -12868 -15927
 -12873 -15944
 -12892 -15945
 -12903 -15971
 -12911 -15986
 -12928 -15996
 -12937 -16027
 -12949 -16044
 -12963 -16058
 -12978 -16064
 -12994 -16085
 -13008 -16092
 -13018 -16122
 -13031 -16139
 -13036 -16150
 -13055 -16165
 -13070 -16170
 -13075 -16189
 -13095
